353.544	1547.080
353.757	1506.743
353.970	1509.333
354.182	1513.750
354.395	1513.308
354.608	1540.153
354.820	1534.671
355.033	1552.400
355.245	1542.562
355.458	1480.722
355.671	1580.871
355.883	1451.769
356.096	1543.104
356.308	1480.802
356.521	1503.992
356.733	1513.991
356.946	1593.781
357.158	1512.405
357.371	1556.998
357.584	1654.197
357.796	1574.727
358.009	1576.494
358.221	1548.124
358.433	1569.346
358.646	1559.990
358.858	1560.934
359.071	1600.046
359.283	1521.159
359.496	1566.616
359.708	1544.751
359.921	1587.618
360.133	1520.496
360.345	1504.113
360.558	1537.462
360.770	1504.213
360.983	1594.645
361.195	1536.258
361.407	1567.539
361.620	1518.468
361.832	1521.902
362.044	1638.335
362.257	1528.548
362.469	1554.810
362.681	1496.061
362.894	1539.691
363.106	1550.493
363.318	1483.673
363.531	1532.844
363.743	1492.789
363.955	1528.648
364.167	1596.713
364.380	1520.597
364.592	1572.057
364.804	1558.203
365.016	1595.850
365.229	1564.829
365.441	1544.108
365.653	1593.601
365.865	1548.786
366.077	1497.145
366.290	1541.016
366.502	1542.743
366.714	1585.108
366.926	1510.658
367.138	1531.861
367.350	1581.353
367.562	1595.769
367.775	1544.610
367.987	1539.892
368.199	1529.933
368.411	1568.644
368.623	1488.050
368.835	1585.268
369.047	1528.046
369.259	1500.258
369.471	1546.959
369.683	1550.393
369.895	1614.843
370.107	1566.134
370.319	1516.862
370.531	1510.718
370.743	1562.179
370.955	1537.482
371.167	1589.987
371.379	1559.809
371.591	1616.189
371.803	1533.105
372.015	1564.287
372.227	1617.514
372.439	1504.534
372.651	1528.267
372.863	1558.303
373.075	1545.835
373.287	1565.391
373.499	1499.575
373.710	1593.259
373.922	1555.051
374.134	1512.786
374.346	1530.877
374.558	1670.018
374.770	1540.936
374.982	1556.697
375.193	1540.815
375.405	1546.076
375.617	1534.812
375.829	1515.135
376.041	1504.092
376.252	1515.698
376.464	1519.432
376.676	1567.379
376.888	1571.876
377.099	1485.821
377.311	1643.113
377.523	1549.851
377.735	1509.755
377.946	1518.629
378.158	1566.736
378.370	1579.265
378.581	1580.952
378.793	1515.898
379.005	1486.705
379.217	1601.070
379.428	1520.516
379.640	1575.470
379.851	1569.868
380.063	1588.862
380.275	1537.884
380.486	1549.268
380.698	1568.282
380.910	1496.362
381.121	1559.689
381.333	1517.083
381.544	1515.979
381.756	1570.692
381.967	1553.003
382.179	1551.658
382.390	1542.100
382.602	1475.260
382.814	1470.502
383.025	1508.028
383.237	1560.934
383.448	1488.452
383.660	1553.143
383.871	1510.277
384.082	1537.623
384.294	1523.548
384.505	1592.075
384.717	1591.573
384.928	1586.594
385.140	1529.030
385.351	1521.279
385.563	1658.473
385.774	1539.350
385.985	1548.646
386.197	1566.716
386.408	1581.253
386.619	1585.068
386.831	1522.705
387.042	1531.017
387.253	1574.165
387.465	1539.310
387.676	1543.687
387.887	1558.705
388.099	1569.587
388.310	1604.865
388.521	1552.441
388.733	1506.883
388.944	1541.438
389.155	1509.453
389.366	1588.782
389.578	1617.353
389.789	1548.746
390.000	1552.360
390.211	1551.376
390.423	1533.888
390.634	1594.986
390.845	1605.186
391.056	1470.562
391.267	1530.636
391.479	1592.858
391.690	1594.464
391.901	1522.886
392.112	1537.221
392.323	1545.172
392.534	1562.801
392.745	1566.415
392.956	1574.446
393.168	1628.336
393.379	1543.446
393.590	1508.610
393.801	1494.074
394.012	1503.169
394.223	1628.456
394.434	1597.114
394.645	1567.941
394.856	1544.490
395.067	1572.117
395.278	1510.698
395.489	1571.675
395.700	1545.714
395.911	1522.424
396.122	1564.608
396.333	1618.678
396.544	1522.625
396.755	1560.894
396.966	1530.114
397.177	1569.206
397.388	1491.162
397.599	1564.026
397.810	1516.983
398.020	1592.095
398.231	1500.097
398.442	1524.753
398.653	1544.189
398.864	1512.465
399.075	1578.020
399.286	1534.310
399.496	1544.409
399.707	1571.776
399.918	1472.610
400.129	1560.392
400.340	1591.111
400.551	1560.331
400.761	1582.417
400.972	1553.967
401.183	1553.987
401.394	1598.500
401.604	1595.609
401.815	1553.967
402.026	1579.586
402.237	1599.986
402.447	1519.492
402.658	1586.995
402.869	1494.937
403.079	1571.876
403.290	1575.490
403.501	1601.933
403.711	1528.869
403.922	1574.426
404.133	1506.422
404.343	1634.821
404.554	1595.187
404.765	1558.324
404.975	1553.706
405.186	1530.756
405.396	1488.853
405.607	1572.077
405.817	1548.666
406.028	1602.776
406.239	1556.135
406.449	1557.380
406.660	1560.934
406.870	1537.021
407.081	1537.824
407.291	1567.098
407.502	1539.912
407.712	1500.519
407.923	1500.217
408.133	1567.800
408.344	1570.892
408.554	1516.139
408.765	1562.038
408.975	1515.678
409.185	1529.451
409.396	1511.501
409.606	1530.134
409.817	1523.649
410.027	1571.093
410.237	1565.371
410.448	1508.751
410.658	1573.282
410.869	1576.635
411.079	1565.793
411.289	1597.556
411.500	1630.063
411.710	1514.111
411.920	1541.819
412.131	1569.226
412.341	1474.738
412.551	1613.639
412.761	1606.792
412.972	1494.053
413.182	1556.436
413.392	1564.969
413.602	1595.870
413.813	1512.043
414.023	1555.854
414.233	1564.949
414.443	1517.966
414.653	1560.271
414.864	1544.831
415.074	1526.821
415.284	1540.454
415.494	1536.559
415.704	1528.246
415.914	1591.513
416.125	1541.398
416.335	1571.675
416.545	1528.447
416.755	1577.337
416.965	1548.887
417.175	1548.044
417.385	1651.647
417.595	1538.446
417.805	1657.851
418.015	1535.876
418.225	1467.510
418.435	1468.153
418.646	1485.440
418.856	1549.630
419.066	1622.654
419.276	1525.596
419.486	1547.923
419.696	1570.330
419.905	1519.251
420.115	1488.552
420.325	1579.124
420.535	1549.168
420.745	1500.097
420.955	1526.178
421.165	1566.335
421.375	1639.339
421.585	1503.992
421.795	1581.474
422.005	1568.222
422.215	1530.616
422.424	1556.657
422.634	1497.105
422.844	1494.535
423.054	1521.560
423.264	1560.813
423.474	1516.300
423.683	1588.621
423.893	1513.349
424.103	1511.762
424.313	1495.881
424.523	1572.057
424.732	1625.103
424.942	1515.135
425.152	1603.600
425.362	1527.423
425.571	1583.803
425.781	1464.057
425.991	1550.272
426.200	1521.962
426.410	1546.437
426.620	1555.312
426.829	1516.882
427.039	1581.012
427.249	1580.751
427.458	1601.652
427.668	1552.902
427.878	1579.406
428.087	1552.260
428.297	1506.743
428.506	1546.939
428.716	1515.979
428.926	1552.902
429.135	1550.252
429.345	1538.968
429.554	1557.480
429.764	1539.049
429.973	1456.849
430.183	1574.567
430.392	1533.487
430.602	1552.601
430.811	1538.547
431.021	1571.414
431.230	1494.214
431.440	1640.162
431.649	1617.313
431.859	1489.897
432.068	1577.016
432.278	1515.156
432.487	1605.306
432.696	1528.648
432.906	1618.839
433.115	1538.265
433.325	1548.666
433.534	1542.000
433.743	1494.395
433.953	1524.110
434.162	1585.449
434.371	1553.585
434.581	1522.243
434.790	1522.123
434.999	1574.607
435.209	1578.301
435.418	1503.490
435.627	1510.256
435.837	1494.314
436.046	1631.287
436.255	1544.550
436.464	1525.978
436.674	1562.239
436.883	1512.987
437.092	1537.864
437.301	1571.635
437.510	1576.534
437.720	1540.414
437.929	1573.242
438.138	1515.959
438.347	1532.081
438.556	1639.439
438.765	1577.739
438.974	1574.085
439.184	1560.030
439.393	1505.879
439.602	1514.071
439.811	1545.935
440.020	1522.926
440.229	1540.474
440.438	1575.029
440.647	1516.862
440.856	1548.365
441.065	1536.800
441.274	1540.675
441.483	1539.751
441.692	1581.976
441.901	1517.204
442.110	1564.648
442.319	1558.946
442.528	1468.735
442.737	1588.862
442.946	1614.402
443.155	1551.437
443.364	1601.050
443.573	1556.456
443.782	1577.338
443.991	1568.563
444.200	1533.888
444.409	1529.391
444.617	1547.903
444.826	1551.617
445.035	1561.616
445.244	1550.071
445.453	1514.533
445.662	1496.884
445.871	1503.791
446.079	1530.857
446.288	1534.912
446.497	1525.456
446.706	1495.680
446.915	1559.066
447.123	1526.600
447.332	1501.121
447.541	1520.055
447.750	1545.433
447.958	1523.950
448.167	1510.036
448.376	1553.304
448.584	1606.130
448.793	1524.412
449.002	1542.080
449.210	1513.710
449.419	1574.306
449.628	1621.108
449.836	1542.944
450.045	1615.526
450.254	1568.523
450.462	1532.764
450.671	1584.646
450.879	1509.975
451.088	1488.893
451.297	1596.392
451.505	1532.001
451.714	1580.269
451.922	1541.478
452.131	1514.172
452.339	1498.310
452.548	1586.212
452.756	1559.488
452.965	1517.685
453.173	1571.575
453.382	1579.707
453.590	1519.894
453.799	1588.240
454.007	1597.978
454.216	1585.469
454.424	1521.099
454.632	1549.670
454.841	1570.712
455.049	1552.541
455.258	1569.487
455.466	1557.159
455.674	1490.781
455.883	1527.564
456.091	1517.244
456.300	1573.021
456.508	1526.399
456.716	1571.254
456.924	1515.417
457.133	1494.214
457.341	1545.815
457.549	1522.303
457.758	1535.053
457.966	1564.929
458.174	1538.286
458.382	1553.786
458.591	1509.333
458.799	1549.068
459.007	1543.546
459.215	1513.991
459.424	1543.245
459.632	1563.403
459.840	1534.350
460.048	1503.470
460.256	1529.331
460.464	1512.706
460.673	1528.909
460.881	1579.406
461.089	1521.018
461.297	1537.262
461.505	1597.396
461.713	1603.921
461.921	1545.855
462.129	1573.703
462.337	1500.217
462.545	1616.470
462.753	1526.058
462.961	1544.168
463.169	1555.131
463.377	1598.520
463.585	1564.688
463.793	1587.838
464.001	1540.996
464.209	1602.515
464.417	1621.610
464.625	1515.035
464.833	1518.147
465.041	1484.416
465.249	1529.150
465.457	1577.860
465.665	1534.872
465.873	1568.945
466.081	1541.779
466.289	1534.531
466.497	1506.060
466.704	1522.082
466.912	1478.754
467.120	1522.966
467.328	1561.998
467.536	1552.200
467.744	1592.838
467.951	1555.633
468.159	1488.873
468.367	1506.462
468.575	1485.058
468.782	1548.224
468.990	1553.906
469.198	1536.940
469.406	1596.612
469.613	1545.975
469.821	1550.091
470.029	1564.789
470.237	1534.149
470.444	1582.196
470.652	1584.546
470.860	1558.123
471.067	1516.260
471.275	1586.875
471.482	1490.761
471.690	1555.553
471.898	1546.638
472.105	1583.481
472.313	1536.659
472.520	1474.116
472.728	1551.577
472.936	1488.251
473.143	1539.611
473.351	1536.820
473.558	1606.330
473.766	1523.568
473.973	1496.905
474.181	1576.053
474.388	1520.717
474.596	1551.678
474.803	1579.646
475.011	1589.224
475.218	1504.514
475.426	1532.122
475.633	1562.279
475.840	1474.397
476.048	1523.869
476.255	1602.857
476.463	1540.675
476.670	1561.215
476.877	1499.234
477.085	1559.508
477.292	1545.052
477.500	1571.234
477.707	1510.839
477.914	1552.160
478.122	1539.410
478.329	1514.634
478.536	1484.014
478.743	1515.477
478.951	1507.345
479.158	1487.568
479.365	1489.616
479.572	1582.939
479.780	1547.863
479.987	1594.283
480.194	1541.578
480.401	1525.054
480.609	1616.329
480.816	1646.487
481.023	1580.229
481.230	1554.709
481.437	1506.301
481.644	1591.513
481.852	1581.634
482.059	1511.220
482.266	1561.195
482.473	1577.076
482.680	1547.602
482.887	1512.967
483.094	1557.380
483.301	1574.506
483.508	1590.147
483.715	1532.945
483.922	1594.685
484.129	1564.307
484.336	1574.888
484.543	1571.957
484.750	1561.737
484.957	1567.319
485.164	1597.898
485.371	1575.189
485.578	1553.103
485.785	1555.091
485.992	1541.739
486.199	1551.638
486.406	1504.454
486.613	1524.251
486.820	1545.795
487.027	1501.221
487.234	1592.276
487.440	1531.881
487.647	1538.567
487.854	1531.881
488.061	1677.347
488.268	1569.889
488.475	1536.338
488.681	1525.375
488.888	1470.140
489.095	1637.311
489.302	1557.581
489.509	1569.427
489.715	1537.141
489.922	1576.454
490.129	1531.439
490.336	1592.035
490.542	1580.972
490.749	1555.834
490.956	1511.361
491.162	1485.621
491.369	1579.285
491.576	1536.398
491.782	1609.864
491.989	1553.324
492.196	1534.009
492.402	1551.417
492.609	1574.366
492.815	1576.233
493.022	1533.407
493.229	1614.060
493.435	1489.817
493.642	1529.531
493.848	1533.868
494.055	1509.654
494.261	1488.753
494.468	1518.067
494.674	1541.659
494.881	1513.128
495.087	1538.366
495.294	1561.155
495.500	1544.309
495.707	1518.187
495.913	1568.363
496.120	1538.767
496.326	1533.487
496.533	1479.316
496.739	1515.678
496.945	1507.385
497.152	1527.323
497.358	1517.966
497.564	1512.686
497.771	1493.612
497.977	1533.427
498.184	1548.445
498.390	1631.589
498.596	1516.220
498.802	1628.978
499.009	1539.169
499.215	1603.620
499.421	1506.783
499.628	1550.614
499.834	1532.503
500.040	1599.403
500.246	1671.383
500.453	1503.932
500.659	1510.859
500.865	1525.837
501.071	1575.229
501.277	1532.182
501.484	1536.960
501.690	1625.083
501.896	1598.179
502.102	1550.112
502.308	1525.195
502.514	1551.899
502.720	1524.311
502.926	1558.625
503.133	1587.276
503.339	1491.022
503.545	1550.292
503.751	1468.454
503.957	1549.308
504.163	1488.733
504.369	1554.328
504.575	1576.675
504.781	1548.023
504.987	1551.939
505.193	1523.990
505.399	1558.745
505.605	1516.702
505.811	1546.136
506.017	1510.979
506.223	1544.670
506.429	1496.644
506.634	1545.835
506.840	1561.496
507.046	1502.045
507.252	1545.253
507.458	1523.187
507.664	1563.142
507.870	1515.577
508.076	1510.397
508.281	1517.444
508.487	1494.776
508.693	1556.557
508.899	1503.852
509.105	1568.764
509.310	1550.172
509.516	1620.586
509.722	1611.611
509.928	1540.052
510.133	1605.206
510.339	1499.374
510.545	1481.665
510.751	1605.246
510.956	1573.322
511.162	1462.631
511.368	1511.341
511.573	1515.296
511.779	1523.649
511.985	1580.510
512.190	1572.459
512.396	1489.576
512.601	1481.464
512.807	1579.988
513.013	1456.708
513.218	1544.630
513.424	1527.223
513.629	1563.122
513.835	1553.846
514.040	1599.945
514.246	1487.367
514.452	1488.331
514.657	1489.737
514.863	1562.761
515.068	1500.760
515.273	1557.360
515.479	1644.720
515.684	1509.634
515.890	1525.917
516.095	1544.429
516.301	1588.421
516.506	1509.815
516.712	1514.473
516.917	1573.302
517.122	1580.128
517.328	1504.173
517.533	1520.155
517.738	1532.724
517.944	1532.282
518.149	1488.271
518.354	1537.663
518.560	1544.771
518.765	1503.510
518.970	1556.798
519.176	1545.032
519.381	1539.089
519.586	1563.423
519.791	1500.860
519.997	1522.022
520.202	1507.185
520.407	1475.923
520.612	1525.395
520.817	1513.489
521.023	1536.519
521.228	1523.066
521.433	1486.504
521.638	1490.279
521.843	1533.085
522.048	1556.998
522.253	1537.241
522.459	1523.468
522.664	1591.312
522.869	1533.407
523.074	1478.774
523.279	1546.658
523.484	1519.452
523.689	1562.419
523.894	1482.408
524.099	1492.106
524.304	1526.178
524.509	1537.924
524.714	1577.297
524.919	1613.900
525.124	1542.582
525.329	1619.622
525.534	1488.673
525.739	1553.726
525.944	1545.554
526.149	1485.580
526.354	1518.830
526.558	1499.515
526.763	1524.050
526.968	1480.059
527.173	1509.694
527.378	1546.297
527.583	1493.772
527.788	1553.746
527.992	1546.779
528.197	1512.586
528.402	1501.743
528.607	1503.751
528.812	1505.558
529.016	1536.137
529.221	1571.716
529.426	1569.868
529.631	1535.535
529.835	1479.236
530.040	1535.394
530.245	1536.780
530.449	1572.880
530.654	1537.101
530.859	1539.631
531.063	1524.713
531.268	1519.472
531.473	1530.375
531.677	1534.230
531.882	1528.086
532.086	1587.136
532.291	1506.924
532.496	1506.763
532.700	1591.272
532.905	1512.425
533.109	1544.028
533.314	1568.403
533.518	1541.920
533.723	1484.777
533.927	1613.619
534.132	1573.041
534.336	1484.456
534.541	1501.804
534.745	1512.003
534.950	1603.861
535.154	1529.070
535.359	1504.534
535.563	1575.269
535.768	1533.688
535.972	1487.669
536.176	1508.570
536.381	1539.510
536.585	1511.883
536.789	1594.665
536.994	1577.237
537.198	1544.490
537.402	1555.814
537.607	1596.211
537.811	1557.741
538.015	1525.556
538.220	1533.306
538.424	1551.055
538.628	1523.990
538.832	1530.054
539.037	1509.172
539.241	1582.498
539.445	1581.192
539.649	1553.103
539.853	1517.384
540.058	1492.166
540.262	1611.290
540.466	1513.931
540.670	1560.572
540.874	1499.736
541.078	1560.773
541.282	1518.850
541.487	1548.606
541.691	1521.741
541.895	1544.992
542.099	1616.891
542.303	1483.512
542.507	1551.899
542.711	1557.179
542.915	1530.857
543.119	1564.929
543.323	1557.279
543.527	1540.675
543.731	1540.695
543.935	1538.607
544.139	1568.322
544.343	1537.161
544.547	1508.811
544.751	1603.258
544.955	1544.590
545.159	1556.436
545.362	1600.367
545.566	1566.074
545.770	1524.231
545.974	1478.312
546.178	1585.168
546.382	1589.304
546.586	1561.636
546.789	1489.837
546.993	1527.885
547.197	1488.472
547.401	1589.103
547.605	1532.624
547.808	1510.236
548.012	1609.242
548.216	1510.297
548.420	1526.199
548.623	1542.622
548.827	1513.349
549.031	1492.869
549.234	1584.666
549.438	1492.507
549.642	1564.769
549.845	1524.171
550.049	1491.463
550.253	1504.354
550.456	1562.941
550.660	1525.837
550.864	1503.149
551.067	1523.849
551.271	1523.709
551.474	1533.668
551.678	1492.969
551.881	1505.056
552.085	1514.734
552.288	1575.571
552.492	1540.052
552.695	1540.675
552.899	1578.622
553.102	1594.866
553.306	1579.225
553.509	1580.630
553.713	1566.174
553.916	1560.392
554.120	1498.451
554.323	1534.129
554.526	1599.845
554.730	1565.552
554.933	1529.431
555.137	1563.484
555.340	1583.622
555.543	1553.766
555.747	1631.448
555.950	1515.517
556.153	1566.776
556.357	1538.225
556.560	1604.845
556.763	1555.211
556.966	1529.792
557.170	1523.327
557.373	1558.263
557.576	1548.686
557.779	1514.794
557.983	1627.473
558.186	1532.021
558.389	1569.025
558.592	1577.900
558.795	1612.414
558.998	1512.987
559.202	1510.718
559.405	1510.076
559.608	1483.673
559.811	1464.037
560.014	1540.956
560.217	1534.109
560.420	1501.302
560.623	1551.818
560.826	1513.168
561.029	1506.000
561.232	1543.245
561.435	1593.019
561.639	1542.823
561.842	1501.282
562.044	1522.845
562.247	1508.048
562.450	1622.252
562.653	1527.263
562.856	1684.013
563.059	1504.755
563.262	1488.893
563.465	1559.006
563.668	1548.666
563.871	1538.145
564.074	1524.873
564.277	1525.014
564.479	1550.112
564.682	1522.203
564.885	1543.104
565.088	1556.356
565.291	1528.367
565.494	1500.559
565.696	1546.899
565.899	1535.334
566.102	1578.823
566.305	1549.148
566.507	1531.941
566.710	1548.405
566.913	1629.581
567.116	1513.027
567.318	1505.639
567.521	1487.669
567.724	1546.678
567.926	1533.848
568.129	1534.471
568.332	1578.201
568.534	1582.016
568.737	1531.881
568.939	1520.195
569.142	1537.904
569.345	1544.851
569.547	1491.403
569.750	1555.392
569.952	1508.891
570.155	1509.654
570.357	1482.549
570.560	1548.164
570.762	1538.446
570.965	1563.604
571.167	1508.449
571.370	1523.950
571.572	1548.003
571.775	1551.517
571.977	1663.694
572.180	1572.800
572.382	1582.939
572.584	1550.433
572.787	1520.938
572.989	1626.930
573.191	1511.180
573.394	1514.152
573.596	1541.277
573.798	1561.978
574.001	1483.994
574.203	1574.527
574.405	1521.581
574.608	1559.187
574.810	1542.502
575.012	1522.143
575.214	1565.592
575.417	1475.240
575.619	1489.114
575.821	1540.173
576.023	1587.999
576.226	1523.548
576.428	1515.015
576.630	1527.925
576.832	1547.040
577.034	1541.839
577.236	1552.943
577.439	1564.568
577.641	1608.900
577.843	1532.242
578.045	1584.827
578.247	1620.947
578.449	1512.706
578.651	1612.555
578.853	1482.689
579.055	1535.796
579.257	1554.288
579.459	1632.331
579.661	1510.678
579.863	1517.966
580.065	1522.123
580.267	1569.688
580.469	1578.502
580.671	1525.917
580.873	1493.070
581.075	1527.504
581.277	1546.939
581.479	1563.142
581.681	1592.496
581.882	1509.795
582.084	1476.826
582.286	1521.982
582.488	1569.748
582.690	1544.811
582.892	1572.318
583.093	1508.349
583.295	1542.261
583.497	1490.259
583.699	1532.463
583.900	1476.786
584.102	1524.612
584.304	1578.100
584.506	1488.150
584.707	1607.756
584.909	1507.265
585.111	1539.269
585.312	1530.656
585.514	1538.526
585.716	1572.318
585.917	1537.844
586.119	1482.629
586.321	1502.787
586.522	1511.521
586.724	1552.039
586.925	1522.845
587.127	1590.167
587.329	1532.583
587.530	1532.363
587.732	1496.864
587.933	1471.084
588.135	1545.996
588.336	1537.523
588.538	1562.680
588.739	1507.506
588.941	1532.563
589.142	1499.033
589.344	1597.476
589.545	1574.587
589.746	1533.105
589.948	1556.135
590.149	1546.437
590.351	1520.717
590.552	1545.333
590.753	1529.451
590.955	1516.139
591.156	1529.953
591.357	1499.575
591.559	1550.352
591.760	1553.244
591.961	1552.160
592.163	1499.354
592.364	1572.479
592.565	1556.035
592.766	1504.474
592.968	1517.545
593.169	1490.680
593.370	1548.144
593.571	1507.425
593.772	1513.610
593.974	1608.720
594.175	1544.650
594.376	1593.701
594.577	1552.019
594.778	1553.906
594.979	1473.353
595.180	1516.461
595.381	1472.148
595.583	1508.992
595.784	1513.951
595.985	1563.323
596.186	1484.978
596.387	1548.365
596.588	1550.674
596.789	1532.804
596.990	1614.623
597.191	1599.524
597.392	1553.083
597.593	1520.697
597.794	1520.717
597.995	1541.418
598.196	1532.764
598.396	1557.400
598.597	1580.871
598.798	1576.233
598.999	1566.234
599.200	1598.861
599.401	1563.162
599.602	1533.848
599.803	1502.285
600.003	1548.445
600.204	1507.104
600.405	1497.226
600.606	1519.613
600.807	1530.315
601.007	1527.544
601.208	1534.491
601.409	1525.215
601.610	1525.395
601.810	1529.953
602.011	1554.730
602.212	1468.875
602.412	1542.642
602.613	1522.203
602.814	1592.717
603.014	1574.788
603.215	1591.954
603.416	1519.794
603.616	1534.089
603.817	1489.837
604.017	1610.406
604.218	1554.890
604.419	1540.273
604.619	1517.565
604.820	1536.599
605.020	1498.872
605.221	1516.079
605.421	1521.440
605.622	1520.255
605.822	1542.602
606.023	1532.443
606.223	1546.477
606.423	1468.414
606.624	1545.755
606.824	1582.779
607.025	1519.412
607.225	1531.881
607.426	1540.032
607.626	1545.413
607.826	1495.760
608.027	1540.334
608.227	1528.849
608.427	1587.899
608.628	1461.045
608.828	1570.129
609.028	1558.263
609.228	1473.975
609.429	1525.697
609.629	1532.403
609.829	1521.962
610.029	1603.479
610.230	1576.836
610.430	1540.655
610.630	1518.950
610.830	1580.209
611.030	1449.661
611.231	1584.345
611.431	1490.941
611.631	1495.238
611.831	1593.280
612.031	1533.868
612.231	1603.439
612.431	1536.599
612.631	1533.527
612.831	1536.820
613.031	1588.963
613.231	1525.175
613.432	1465.683
613.632	1572.659
613.832	1548.084
614.032	1533.286
614.231	1532.322
614.431	1565.592
614.631	1570.551
614.831	1560.311
615.031	1528.267
615.231	1582.518
615.431	1611.270
615.631	1488.833
615.831	1580.249
616.031	1634.640
616.231	1545.212
616.430	1498.611
616.630	1628.175
616.830	1524.853
617.030	1537.723
617.230	1623.738
617.429	1481.244
617.629	1560.733
617.829	1495.981
618.029	1529.552
618.228	1531.318
618.428	1580.108
618.628	1581.112
618.828	1579.767
619.027	1520.215
619.227	1487.970
619.427	1544.168
619.626	1580.249
619.826	1533.627
620.026	1524.733
620.225	1513.549
620.425	1584.525
620.624	1542.642
620.824	1537.603
621.024	1624.883
621.223	1572.539
621.423	1571.776
621.622	1545.253
621.822	1549.248
622.021	1548.505
622.221	1555.653
622.420	1523.789
622.620	1544.951
622.819	1531.499
623.019	1472.971
623.218	1549.027
623.417	1569.768
623.617	1548.726
623.816	1467.149
624.016	1553.625
624.215	1480.420
624.414	1518.970
624.614	1500.860
624.813	1544.128
625.012	1565.311
625.212	1516.942
625.411	1542.723
625.610	1511.541
625.809	1606.732
626.009	1620.365
626.208	1537.442
626.407	1625.445
626.606	1463.234
626.806	1539.028
627.005	1628.075
627.204	1526.259
627.403	1577.117
627.602	1523.287
627.802	1555.191
628.001	1574.486
628.200	1513.951
628.399	1534.973
628.598	1565.371
628.797	1538.386
628.996	1549.429
629.195	1506.582
629.394	1489.616
629.593	1581.815
629.792	1540.072
629.991	1498.792
630.190	1528.969
630.389	1565.291
630.588	1479.015
630.787	1525.134
630.986	1561.014
631.185	1563.062
631.384	1510.678
631.583	1533.386
631.782	1495.057
631.981	1557.360
632.180	1507.104
632.379	1483.111
632.578	1493.230
632.776	1588.561
632.975	1533.085
633.174	1588.882
633.373	1546.819
633.572	1509.654
633.770	1563.745
633.969	1512.586
634.168	1487.126
634.367	1557.982
634.565	1520.195
634.764	1579.546
634.963	1551.035
635.162	1544.389
635.360	1519.151
635.559	1565.973
635.758	1553.384
635.956	1529.230
636.155	1528.548
636.353	1528.769
636.552	1524.713
636.751	1511.803
636.949	1530.716
637.148	1497.627
637.346	1570.170
637.545	1513.188
637.743	1500.659
637.942	1529.371
638.141	1593.741
638.339	1610.025
638.537	1583.120
638.736	1531.258
638.934	1559.548
639.133	1635.705
639.331	1583.943
639.530	1499.535
639.728	1637.110
639.927	1523.990
640.125	1473.453
640.323	1607.977
640.522	1551.758
640.720	1574.647
640.918	1577.498
641.117	1492.447
641.315	1575.651
641.513	1517.224
641.712	1563.664
641.910	1519.593
642.108	1498.932
642.306	1541.076
642.505	1509.052
642.703	1492.226
642.901	1583.682
643.099	1543.847
643.297	1493.170
643.496	1561.215
643.694	1577.538
643.892	1553.766
644.090	1518.408
644.288	1560.432
644.486	1483.432
644.684	1501.161
644.882	1591.352
645.081	1535.214
645.279	1520.557
645.477	1600.749
645.675	1506.863
645.873	1591.653
646.071	1578.783
646.269	1558.243
646.467	1541.317
646.665	1486.886
646.863	1572.459
647.061	1488.391
647.259	1530.917
647.457	1520.577
647.654	1573.041
647.852	1554.208
648.050	1547.903
648.248	1515.216
648.446	1649.699
648.644	1567.098
648.842	1499.836
649.039	1593.902
649.237	1493.170
649.435	1535.173
649.633	1569.045
649.831	1522.845
650.028	1586.955
650.226	1533.768
650.424	1573.201
650.622	1516.702
650.819	1492.628
651.017	1525.074
651.215	1536.258
651.412	1520.456
651.610	1514.413
651.808	1557.540
652.005	1472.851
652.203	1563.865
652.401	1574.808
652.598	1590.067
652.796	1523.287
652.993	1505.879
653.191	1605.206
653.388	1568.322
653.586	1610.808
653.783	1535.434
653.981	1508.249
654.178	1548.284
654.376	1556.436
654.573	1486.946
654.771	1576.173
654.968	1571.836
655.166	1505.137
655.363	1526.399
655.561	1502.667
655.758	1536.258
655.955	1496.302
656.153	1530.917
656.350	1581.474
656.547	1501.081
656.745	1538.265
656.942	1551.296
657.139	1516.882
657.337	1553.465
657.534	1606.431
657.731	1592.998
657.928	1613.759
658.126	1572.177
658.323	1518.047
658.520	1582.076
658.717	1536.860
658.915	1512.525
659.112	1517.043
659.309	1537.201
659.506	1561.596
659.703	1573.984
659.900	1587.778
660.097	1535.013
660.295	1612.595
660.492	1514.232
660.689	1535.113
660.886	1455.544
661.083	1549.088
661.280	1524.412
661.477	1511.321
661.674	1574.547
661.871	1559.849
662.068	1574.527
662.265	1554.027
662.462	1554.147
662.659	1574.426
662.856	1539.430
663.053	1558.223
663.250	1528.969
663.446	1665.922
663.643	1559.428
663.840	1579.446
664.037	1544.289
664.234	1545.514
664.431	1523.809
664.628	1542.763
664.824	1524.632
665.021	1543.245
665.218	1556.175
665.415	1517.424
665.612	1523.910
665.808	1488.532
666.005	1568.001
666.202	1515.135
666.398	1569.909
666.595	1538.687
666.792	1625.906
666.988	1511.361
667.185	1635.022
667.382	1579.024
667.578	1527.985
667.775	1510.116
667.972	1584.144
668.168	1961.131
668.365	1514.051
668.561	1531.720
668.758	1572.459
668.954	1559.970
669.151	1534.772
669.347	1522.062
669.544	1609.462
669.740	1499.013
669.937	1629.761
670.133	1617.996
670.330	1579.887
670.526	1453.737
670.723	1568.021
670.919	1537.663
671.116	1514.814
671.312	1515.216
671.508	1532.523
671.705	1527.825
671.901	1518.489
672.097	1540.996
672.294	1510.417
672.490	1529.471
672.686	1586.192
672.882	1670.801
673.079	1550.694
673.275	1619.481
673.471	1595.669
673.667	1607.595
673.864	1541.157
674.060	1505.960
674.256	1508.249
674.452	1607.374
674.648	1582.759
674.845	1533.969
675.041	1586.794
675.237	1488.552
675.433	1525.596
675.629	1529.170
675.825	1598.159
676.021	1575.008
676.217	1570.109
676.413	1584.706
676.609	1605.708
676.805	1573.081
677.001	1554.689
677.197	1612.836
677.393	1541.940
677.589	1546.236
677.785	1501.523
677.981	1568.784
678.177	1549.168
678.373	1577.739
678.569	1585.489
678.765	1539.711
678.961	1541.839
679.157	1451.669
679.352	1519.031
679.548	1536.298
679.744	1521.119
679.940	1550.473
680.136	1589.806
680.332	1495.238
680.527	1510.477
680.723	1563.504
680.919	1547.080
681.115	1487.769
681.310	1558.805
681.506	1560.331
681.702	1582.819
681.897	1520.657
682.093	1489.717
682.289	1573.021
682.484	1642.391
682.680	1505.217
682.876	1566.274
683.071	1578.924
683.267	1528.126
683.462	1550.212
683.658	1602.495
683.853	1551.638
684.049	1583.140
684.244	1534.170
684.440	1609.583
684.636	1514.473
684.831	1548.646
685.026	1504.956
685.222	1582.176
685.417	1548.566
685.613	1619.180
685.808	1531.921
686.004	1579.024
686.199	1543.044
686.394	1540.133
686.590	1510.738
686.785	1594.163
686.980	1560.793
687.176	1489.676
687.371	1472.791
687.566	1565.973
687.762	1579.165
687.957	1560.211
688.152	1536.900
688.347	1551.959
688.543	1534.571
688.738	1545.132
688.933	1543.486
689.128	1594.364
689.324	1586.553
689.519	1591.854
689.714	1513.168
689.909	1491.122
690.104	1560.633
690.299	1573.804
690.494	1525.275
690.689	1471.164
690.884	1536.217
691.080	1551.557
691.275	1530.977
691.470	1563.243
691.665	1588.581
691.860	1608.760
692.055	1543.426
692.250	1520.617
692.445	1609.985
692.640	1587.597
692.835	1553.264
693.029	1551.537
693.224	1536.418
693.419	1536.318
693.614	1461.426
693.809	1539.711
694.004	1538.928
694.199	1535.977
694.394	1522.665
694.588	1597.717
694.783	1477.489
694.978	1492.648
695.173	1516.139
695.368	1557.601
695.562	1533.346
695.757	1530.033
695.952	1563.845
696.147	1573.804
696.341	1530.857
696.536	1536.318
696.731	1524.030
696.925	1541.699
697.120	1605.126
697.315	1567.640
697.509	1504.233
697.704	1586.292
697.898	1505.859
698.093	1511.220
698.288	1544.751
698.482	1546.999
698.677	1481.926
698.871	1527.624
699.066	1583.662
699.260	1519.874
699.455	1583.823
699.649	1495.077
699.844	1735.453
700.038	1575.430
700.233	1556.557
700.427	1505.679
700.621	1567.780
700.816	1535.615
701.010	1597.717
701.204	1553.926
701.399	1545.012
701.593	1556.998
701.788	1540.976
701.982	1546.457
702.176	1523.548
702.370	1543.466
702.565	1522.424
702.759	1553.967
702.953	1512.786
703.147	1563.624
703.342	1573.161
703.536	1569.146
703.730	1598.420
703.924	1582.357
704.118	1487.187
704.313	1569.547
704.507	1502.948
704.701	1556.737
704.895	1535.555
705.089	1594.826
705.283	1549.088
705.477	1597.897
705.671	1523.187
705.865	1622.614
706.059	1534.290
706.253	1538.547
706.447	1570.611
706.641	1520.597
706.835	1552.742
707.029	1511.019
707.223	1567.640
707.417	1608.599
707.611	1460.664
707.805	1528.287
707.999	1551.176
708.193	1517.505
708.387	1508.188
708.581	1532.664
708.774	1525.897
708.968	1525.837
709.162	1565.773
709.356	1568.824
709.550	1524.432
709.743	1524.893
709.937	1514.192
710.131	1586.112
710.325	1538.346
710.518	1559.588
710.712	1550.814
710.906	1499.214
711.100	1570.732
711.293	1559.910
711.487	1533.226
711.680	1508.128
711.874	1533.487
712.068	1554.669
712.261	1561.175
712.455	1537.784
712.648	1511.983
712.842	1481.986
713.036	1572.679
713.229	1513.810
713.423	1569.387
713.616	1588.662
713.810	1590.730
714.003	1520.818
714.197	1547.602
714.390	1546.919
714.583	1508.068
714.777	1541.859
714.970	1584.726
715.164	1548.465
715.357	1500.780
715.550	1487.287
715.744	1570.812
715.937	1545.052
716.130	1550.413
716.324	1584.546
716.517	1541.096
716.710	1528.487
716.904	1582.879
717.097	1545.755
717.290	1554.709
717.483	1602.857
717.677	1507.626
717.870	1557.259
718.063	1562.179
718.256	1579.205
718.449	1543.325
718.643	1564.929
718.836	1596.010
719.029	1535.274
719.222	1525.837
719.415	1529.632
719.608	1572.378
719.801	1634.440
719.994	1592.858
720.187	1535.615
720.380	1578.924
720.573	1598.038
720.766	1591.673
720.959	1560.633
721.152	1513.087
721.345	1601.813
721.538	1525.616
721.731	1543.486
721.924	1542.843
722.117	1580.108
722.310	1561.496
722.503	1523.448
722.696	1553.485
722.888	1498.471
723.081	1509.554
723.274	1518.910
723.467	1610.145
723.660	1528.086
723.852	1505.197
724.045	1537.181
724.238	1538.547
724.431	1542.763
724.623	1524.211
724.816	1551.397
725.009	1537.362
725.202	1531.138
725.394	1600.688
725.587	1522.123
725.779	1574.266
725.972	1556.516
726.165	1492.266
726.357	1540.273
726.550	1626.529
726.742	1507.486
726.935	1510.879
727.128	1584.064
727.320	1594.544
727.513	1595.147
727.705	1540.775
727.898	1550.915
728.090	1533.085
728.283	1566.134
728.475	1538.808
728.667	1548.365
728.860	1566.957
729.052	1517.525
729.245	1544.731
729.437	1623.798
729.629	1585.831
729.822	1599.444
730.014	1537.884
730.206	1547.020
730.399	1545.333
730.591	1509.393
730.783	1549.529
730.976	1550.493
731.168	1546.076
731.360	1533.808
731.552	1539.751
731.745	1518.890
731.937	1544.851
732.129	1553.324
732.321	1584.746
732.513	1549.931
732.705	1562.138
732.898	1569.246
733.090	1543.546
733.282	1563.162
733.474	1538.145
733.666	1523.307
733.858	1649.177
734.050	1560.271
734.242	1541.056
734.434	1528.327
734.626	1538.025
734.818	1482.107
735.010	1538.286
735.202	1598.620
735.394	1636.949
735.586	1527.825
735.778	1531.479
735.970	1620.666
736.162	1582.257
736.353	1608.258
736.545	1559.187
736.737	1572.699
736.929	1560.934
737.121	1561.395
737.313	1543.506
737.504	1579.907
737.696	1515.115
737.888	1614.843
738.080	1511.823
738.272	1556.436
738.463	1520.978
738.655	1582.478
738.847	1564.487
739.038	1511.160
739.230	1532.824
739.422	1595.127
739.613	1532.423
739.805	1581.032
739.997	1533.567
740.188	1556.175
740.380	1550.272
740.571	1583.883
740.763	1592.476
740.954	1588.481
741.146	1652.008
741.337	1531.840
741.529	1568.423
741.720	1569.467
741.912	1650.482
742.103	1590.649
742.295	1587.136
742.486	1587.919
742.678	1491.182
742.869	1566.194
743.060	1553.665
743.252	1579.988
743.443	1570.712
743.635	1534.370
743.826	1583.461
744.017	1528.809
744.208	1647.892
744.400	1509.594
744.591	1615.205
744.782	1499.736
744.974	1489.134
745.165	1607.133
745.356	1549.569
745.547	1507.164
745.738	1537.241
745.930	1551.658
746.121	1634.299
746.312	1522.986
746.503	1545.474
746.694	1542.763
746.885	1499.434
747.076	1565.411
747.267	1547.040
747.458	1575.571
747.650	1572.981
747.841	1594.444
748.032	1578.743
748.223	1562.359
748.414	1518.127
748.605	1551.115
748.796	1530.415
748.986	1521.299
749.177	1618.678
749.368	1613.840
749.559	1576.233
749.750	1541.518
749.941	1557.018
750.132	1570.170
750.323	1568.322
750.514	1542.482
750.704	1522.082
750.895	1556.496
751.086	1621.309
751.277	1605.326
751.468	1511.160
751.658	1567.037
751.849	1513.911
752.040	1570.129
752.230	1520.818
752.421	1557.300
752.612	1569.969
752.803	1527.704
752.993	1486.404
753.184	1565.130
753.374	1578.482
753.565	1555.352
753.756	1531.459
753.946	1593.822
754.137	1535.816
754.327	1615.365
754.518	1509.574
754.708	1603.299
754.899	1575.390
755.089	1552.079
755.280	1595.287
755.470	1516.621
755.661	1600.427
755.851	1539.992
756.042	1542.381
756.232	1592.276
756.422	1570.712
756.613	1552.119
756.803	1530.455
756.994	1541.639
757.184	1516.200
757.374	1520.798
757.565	1571.816
757.755	1515.959
757.945	1513.650
758.135	1539.671
758.326	1602.395
758.516	1540.032
758.706	1512.304
758.896	1550.553
759.087	1630.926
759.277	1572.117
759.467	1510.357
759.657	1605.106
759.847	1551.196
760.037	1625.103
760.227	1613.498
760.417	1583.923
760.608	1537.442
760.798	1573.282
760.988	1547.622
761.178	1609.503
761.368	1538.426
761.558	1554.991
761.748	1553.625
761.938	1641.547
762.128	1583.682
762.318	1544.610
762.508	1569.828
762.698	1596.070
762.887	1538.647
763.077	1633.837
763.267	1546.036
763.457	1559.227
763.647	1680.459
763.837	1574.767
764.027	1545.935
764.216	1574.286
764.406	1565.250
764.596	1600.066
764.786	1606.852
764.975	1640.925
765.165	1560.994
765.355	1558.846
765.545	1551.858
765.734	1570.511
765.924	1652.891
766.114	1542.060
766.303	1602.656
766.493	1597.094
766.683	1570.933
766.872	1590.408
767.062	1600.588
767.251	1607.696
767.441	1578.382
767.630	1545.654
767.820	1595.769
768.009	1615.928
768.199	1628.978
768.388	1583.863
768.578	1630.203
768.767	1606.431
768.957	1616.149
769.146	1624.621
769.336	1656.746
769.525	1674.275
769.714	1573.744
769.904	1664.296
770.093	1641.648
770.283	1668.492
770.472	1586.935
770.661	1630.886
770.850	1656.967
771.040	1663.513
771.229	1636.729
771.418	1604.804
771.608	1646.185
771.797	1646.948
771.986	1627.011
772.175	1614.502
772.364	1687.807
772.554	1689.072
772.743	1710.215
772.932	1717.162
773.121	1693.469
773.310	1735.212
773.499	1801.851
773.688	1759.807
773.877	1828.896
774.066	1731.196
774.255	1836.948
774.444	1761.293
774.633	1755.190
774.822	1835.884
775.011	1848.954
775.200	1868.591
775.389	1863.170
775.578	1873.791
775.767	1859.154
775.956	1908.847
776.145	1982.594
776.334	1925.572
776.523	1982.032
776.712	2023.253
776.900	1969.785
777.089	2066.762
777.278	2059.714
777.467	2063.208
777.656	2111.556
777.844	2124.205
778.033	2137.597
778.222	2106.617
778.411	2136.112
778.599	2106.496
778.788	2160.487
778.977	2198.595
779.165	2211.425
779.354	2289.428
779.543	2312.699
779.731	2387.028
779.920	2364.520
780.108	2361.910
780.297	2430.196
780.485	2437.143
780.674	2531.952
780.863	2718.819
781.051	2709.523
781.240	2863.361
781.428	2901.128
781.616	2866.072
781.805	2856.957
781.993	2904.843
782.182	3051.453
782.370	3109.278
782.559	3217.781
782.747	3212.380
782.935	3314.597
783.124	3311.405
783.312	3278.677
783.500	3342.265
783.689	3469.560
783.877	3514.033
784.065	3696.584
784.253	3935.172
784.442	4133.484
784.630	4214.419
784.818	4494.609
785.006	4649.732
785.195	4948.174
785.383	5070.670
785.571	5212.643
785.759	5502.430
785.947	5735.738
786.135	5890.982
786.323	6300.455
786.511	6569.101
786.700	6573.377
786.888	6716.836
787.076	6886.636
787.264	7041.419
787.452	7356.565
787.640	7700.583
787.828	7882.170
788.016	8103.210
788.204	8166.516
788.391	8186.835
788.579	8099.676
788.767	8151.618
788.955	8351.476
789.143	9013.934
789.331	9624.148
789.519	9714.901
789.707	9682.053
789.894	9669.404
790.082	10042.717
790.270	10268.033
790.458	10337.062
790.646	10311.121
790.833	10572.679
791.021	10722.020
791.209	10345.796
791.396	9910.322
791.584	9718.013
791.772	9915.321
791.959	10148.107
792.147	10319.976
792.335	10595.648
792.522	11196.165
792.710	11083.727
792.897	10842.288
793.085	10789.462
793.273	10983.437
793.460	11110.170
793.648	11200.462
793.835	11355.063
794.023	11737.571
794.210	12247.255
794.398	12581.576
794.585	12483.173
794.772	12373.064
794.960	12798.279
795.147	13085.235
795.335	12786.734
795.522	12507.909
795.709	12948.423
795.897	12990.446
796.084	12359.391
796.271	12241.131
796.459	12381.497
796.646	12688.431
796.833	12737.101
797.020	12695.961
797.208	12787.939
797.395	12868.171
797.582	13085.737
797.769	13427.889
797.956	14040.713
798.144	14911.963
798.331	14995.328
798.518	14784.949
798.705	15038.837
798.892	15368.620
799.079	15090.859
799.266	14747.925
799.453	14376.118
799.640	14390.976
799.827	13879.385
800.014	13516.072
800.201	13120.051
800.388	13473.627
800.575	14257.858
800.762	14912.847
800.949	14800.228
801.136	14766.818
801.323	15147.660
801.510	15421.225
801.697	15551.170
801.884	15674.450
802.070	15588.455
802.257	15309.811
802.444	15999.495
802.631	16613.705
802.818	17233.115
803.004	17141.458
803.191	16611.115
803.378	16371.382
803.565	16792.561
803.751	17011.332
803.938	17414.240
804.125	17954.341
804.311	18862.696
804.498	19620.886
804.685	19151.680
804.871	19288.071
805.058	19566.494
805.245	20150.487
805.431	20854.024
805.618	20991.037
805.804	21411.694
805.991	21659.458
806.177	20920.523
806.364	20314.906
806.550	20751.365
806.737	21640.986
806.923	22049.235
807.110	22406.926
807.296	22582.550
807.482	22137.940
807.669	21730.133
807.855	20652.580
808.042	20210.661
808.228	20047.365
808.414	19804.059
808.601	20168.838
808.787	20692.074
808.973	21374.690
809.159	21344.252
809.346	21054.404
809.532	20809.170
809.718	20838.544
809.904	21776.674
810.091	22553.216
810.277	22416.725
810.463	23037.500
810.649	23703.110
810.835	23988.761
811.021	23441.713
811.207	23391.297
811.393	23987.818
811.580	23961.877
811.766	22568.656
811.952	21751.597
812.138	21624.863
812.324	22902.414
812.510	23896.523
812.696	24226.868
812.882	24687.801
813.068	23434.284
813.254	21605.066
813.439	20724.621
813.625	20746.807
813.811	21452.533
813.997	22161.050
814.183	23288.878
814.369	24378.839
814.555	24876.516
814.740	25445.128
814.926	25702.610
815.112	25355.700
815.298	25181.342
815.484	25314.620
815.669	25441.073
815.855	25608.203
816.041	24455.578
816.226	23880.741
816.412	25097.817
816.598	26438.333
816.783	26302.585
816.969	25151.707
817.155	24981.444
817.340	24670.755
817.526	23768.284
817.711	22861.174
817.897	21862.307
818.083	21887.827
818.268	21404.606
818.454	21202.982
818.639	21622.655
818.825	21657.711
819.010	21600.649
819.195	21836.427
819.381	22544.120
819.566	23253.862
819.752	23822.414
819.937	24433.331
820.122	24126.819
820.308	22833.185
820.493	22102.241
820.678	21980.206
820.864	21840.703
821.049	22380.524
821.234	23053.141
821.420	22755.904
821.605	22197.592
821.790	22549.441
821.975	22484.047
822.161	22467.763
822.346	22762.068
822.531	22949.277
822.716	23382.844
822.901	23823.217
823.086	24079.414
823.271	24450.940
823.456	24755.003
823.642	24301.077
823.827	23426.152
824.012	23728.087
824.197	23948.224
824.382	23635.346
824.567	23227.299
824.752	22619.052
824.937	21868.471
825.122	21672.127
825.307	21960.891
825.492	22520.448
825.676	22237.728
825.861	20905.043
826.046	19848.933
826.231	18583.790
826.416	18383.812
826.601	18553.111
826.786	18816.616
826.970	19387.759
827.155	19397.778
827.340	18950.317
827.525	18592.765
827.709	18232.182
827.894	17982.792
828.079	18123.419
828.264	17862.444
828.448	17337.622
828.633	17181.615
828.817	16929.855
829.002	16698.716
829.187	16089.124
829.371	15570.927
829.556	15181.171
829.740	15347.036
829.925	15434.617
830.110	15527.036
830.294	15731.934
830.479	15638.952
830.663	15211.388
830.848	15105.014
831.032	14632.797
831.216	14775.573
831.401	14772.962
831.585	14921.721
831.770	15173.099
831.954	15731.070
832.138	16411.639
832.323	16659.784
832.507	16985.331
832.691	17025.065
832.876	17056.889
833.060	17114.273
833.244	16568.569
833.429	15876.617
833.613	15373.961
833.797	14995.508
833.981	14074.986
834.165	13600.601
834.350	13293.385
834.534	12713.509
834.718	11977.605
834.902	11311.614
835.086	10823.876
835.270	10624.962
835.454	10399.063
835.638	10155.516
835.823	9888.717
836.007	9869.884
836.191	9962.806
836.375	9800.595
836.559	9352.190
836.743	9139.442
836.927	9031.683
837.110	8854.674
837.294	8695.475
837.478	8560.831
837.662	8565.629
837.846	8493.669
838.030	8294.936
838.214	7876.448
838.398	7350.059
838.581	7049.791
838.765	6705.933
838.949	6496.478
839.133	6448.210
839.317	6316.076
839.500	6094.293
839.684	5808.662
839.868	5566.560
840.051	5568.768
840.235	5616.755
840.419	5693.654
840.602	5621.172
840.786	5427.238
840.970	5138.434
841.153	5148.071
841.337	5310.463
841.520	5398.325
841.704	5461.250
841.888	5522.127
842.071	5118.095
842.255	4875.009
842.438	4611.925
842.622	4433.230
842.805	4339.565
842.988	4257.968
843.172	4165.850
843.355	3994.744
843.539	3922.904
843.722	3826.750
843.905	3632.434
844.089	3562.803
844.272	3427.215
844.455	3253.640
844.639	3189.109
844.822	3209.247
845.005	3157.466
845.189	3023.826
845.372	2916.950
845.555	2872.939
845.738	2761.826
845.921	2727.151
846.105	2643.225
846.288	2688.842
846.471	2637.924
846.654	2582.910
846.837	2545.565
847.020	2515.367
847.203	2489.206
847.386	2393.433
847.569	2368.737
847.752	2289.569
847.935	2246.381
848.118	2206.506
848.301	2217.388
848.484	2179.460
848.667	2019.940
848.850	2047.989
849.033	2030.119
849.216	2009.097
849.399	2001.106
849.582	1897.202
849.765	1840.220
849.948	1925.733
850.130	1913.526
850.313	1809.160
850.496	1798.257
850.679	1798.900
850.862	1788.600
851.044	1799.442
851.227	1797.795
851.410	1723.085
851.592	1684.354
851.775	1763.683
851.958	1720.314
852.140	1775.027
852.323	1646.165
852.506	1634.761
852.688	1641.728
852.871	1664.356
853.053	1678.110
853.236	1652.671
853.419	1704.854
853.601	1687.767
853.784	1617.413
853.966	1608.318
854.149	1565.411
854.331	1565.913
854.513	1619.020
854.696	1593.822
854.878	1641.527
855.061	1581.052
855.243	1600.467
855.425	1610.246
855.608	1588.902
855.790	1584.124
855.972	1563.905
856.155	1618.136
856.337	1590.368
856.519	1591.131
856.702	1574.828
856.884	1582.176
857.066	1518.087
857.248	1617.695
857.430	1579.988
857.613	1590.589
857.795	1610.366
857.977	1581.193
858.159	1587.698
858.341	1545.955
858.523	1544.891
858.705	1608.659
858.887	1542.783
859.069	1591.633
859.251	1540.012
859.433	1564.608
859.615	1584.546
859.797	1544.550
859.979	1534.129
860.161	1613.900
860.343	1527.082
860.525	1577.478
860.707	1532.282
860.889	1571.977
861.071	1541.478
861.253	1558.685
861.435	1609.101
861.616	1624.762
861.798	1562.219
861.980	1541.960
862.162	1512.806
862.344	1536.137
862.525	1539.289
862.707	1626.067
862.889	1639.479
863.070	1527.704
863.252	1526.821
863.434	1561.958
863.615	1523.890
863.797	1611.792
863.979	1593.561
864.160	1592.557
864.342	1530.997
864.523	1577.960
864.705	1613.056
864.886	1628.657
865.068	1551.577
865.249	1520.838
865.431	1504.273
865.612	1525.656
865.794	1531.519
865.975	1537.001
866.157	1519.091
866.338	1570.732
866.520	1585.670
866.701	1565.813
866.882	1639.118
867.064	1517.746
867.245	1554.770
867.426	1553.786
867.607	1560.070
867.789	1586.935
867.970	1544.731
868.151	1598.359
868.332	1549.991
868.514	1550.453
868.695	1588.943
868.876	1545.353
869.057	1600.608
869.238	1529.552
869.420	1535.615
869.601	1537.703
869.782	1511.943
869.963	1515.919
870.144	1534.390
870.325	1546.618
870.506	1540.414
870.687	1580.650
870.868	1581.474
871.049	1675.178
871.230	1614.402
871.411	1555.472
871.592	1610.788
871.773	1572.017
871.954	1536.077
872.134	1568.824
872.315	1561.677
872.496	1599.705
872.677	1584.987
872.858	1533.386
873.039	1525.395
873.219	1543.646
873.400	1526.279
873.581	1562.861
873.762	1555.513
873.942	1556.296
874.123	1561.395
874.304	1558.223
874.485	1616.630
874.665	1673.833
874.846	1514.754
875.026	1594.946
875.207	1625.043
875.388	1525.656
875.568	1524.271
875.749	1567.218
875.929	1584.686
876.110	1511.401
876.290	1526.339
876.471	1548.847
876.651	1521.340
876.832	1564.267
877.012	1556.958
877.193	1525.355
877.373	1620.947
877.553	1532.443
877.734	1600.969
877.914	1549.007
878.095	1536.398
878.275	1669.275
878.455	1553.304
878.636	1515.497
878.816	1544.269
878.996	1595.006
879.176	1552.360
879.357	1531.037
879.537	1567.580
879.717	1612.575
879.897	1535.695
880.077	1625.384
880.257	1489.014
880.438	1586.573
880.618	1573.161
880.798	1566.596
880.978	1492.708
881.158	1520.155
881.338	1596.432
881.518	1590.107
881.698	1637.210
881.878	1530.194
882.058	1578.924
882.238	1532.362
882.418	1470.944
882.598	1550.272
882.778	1554.549
882.958	1589.404
883.138	1507.988
883.318	1528.889
883.497	1508.389
883.677	1579.667
883.857	1536.880
884.037	1582.156
884.217	1548.164
884.396	1534.069
884.576	1586.915
884.756	1577.659
884.936	1542.060
885.115	1581.955
885.295	1573.623
885.475	1575.330
885.654	1525.536
885.834	1571.655
886.014	1536.017
886.193	1582.839
886.373	1551.959
886.552	1587.638
886.732	1510.658
886.912	1564.728
887.091	1591.412
887.271	1515.678
887.450	1620.465
887.630	1517.906
887.809	1487.167
887.988	1538.085
888.168	1503.892
888.347	1578.482
888.527	1528.708
888.706	1519.593
888.885	1502.065
889.065	1509.694
889.244	1514.051
889.423	1574.286
889.603	1570.250
889.782	1540.996
889.961	1547.200
890.141	1540.815
890.320	1531.820
890.499	1538.988
890.678	1545.554
890.857	1541.538
891.036	1519.934
891.216	1555.974
891.395	1581.132
891.574	1545.293
891.753	1540.434
891.932	1559.448
892.111	1539.289
892.290	1616.891
892.469	1599.343
892.648	1500.358
892.827	1563.423
893.006	1541.920
893.185	1570.872
893.364	1570.993
893.543	1538.466
893.722	1645.061
893.901	1620.706
894.080	1551.115
894.259	1510.096
894.437	1491.423
894.616	1552.300
894.795	1556.998
894.974	1531.198
895.153	1595.107
895.331	1539.711
895.510	1586.071
895.689	1509.795
895.868	1568.483
896.046	1578.221
896.225	1551.376
896.404	1544.871
896.582	1573.422
896.761	1532.985
896.940	1576.996
897.118	1605.346
897.297	1527.403
897.475	1570.752
897.654	1560.171
897.832	1529.210
898.011	1567.158
898.189	1607.615
898.368	1544.229
898.546	1517.424
898.725	1546.538
898.903	1533.045
899.082	1518.288
899.260	1535.856
899.438	1575.611
899.617	1575.671
899.795	1538.767
899.973	1508.650
900.152	1513.228
900.330	1500.318
900.508	1557.079
900.687	1567.620
900.865	1530.716
901.043	1533.487
901.221	1545.714
901.400	1533.768
901.578	1541.418
901.756	1565.973
901.934	1577.277
902.112	1519.292
902.290	1526.881
902.468	1607.354
902.646	1601.190
902.825	1615.125
903.003	1532.985
903.181	1572.619
903.359	1555.533
903.537	1543.807
903.715	1541.378
903.893	1531.961
904.070	1516.742
904.248	1567.961
904.426	1580.229
904.604	1563.243
904.782	1597.235
904.960	1541.137
905.138	1478.332
905.316	1594.625
905.493	1538.928
905.671	1564.327
905.849	1543.486
906.027	1516.581
906.205	1503.069
906.382	1554.127
906.560	1509.534
906.738	1537.603
906.915	1588.561
907.093	1523.930
907.271	1576.655
907.448	1542.964
907.626	1515.276
907.803	1514.433
907.981	1623.557
908.159	1535.555
908.336	1600.688
908.514	1519.533
908.691	1593.822
908.869	1497.286
909.046	1516.039
909.224	1531.399
909.401	1519.814
909.578	1570.069
909.756	1580.430
909.933	1519.774
910.111	1580.851
910.288	1487.608
910.465	1466.888
910.643	1525.476
910.820	1566.776
910.997	1537.402
911.175	1550.814
911.352	1602.756
911.529	1493.893
911.706	1535.716
911.883	1569.487
912.061	1525.134
912.238	1497.467
912.415	1606.852
912.592	1545.534
912.769	1521.279
912.946	1580.229
913.123	1525.596
913.300	1511.782
913.478	1546.538
913.655	1561.034
913.832	1523.187
914.009	1545.152
914.186	1519.452
914.363	1527.323
914.539	1488.632
914.716	1559.508
914.893	1521.380
915.070	1551.115
915.247	1524.231
915.424	1589.605
915.601	1557.842
915.778	1574.888
915.954	1572.780
916.131	1574.266
916.308	1497.085
916.485	1506.703
916.662	1495.800
916.838	1509.835
917.015	1552.742
917.192	1608.619
917.368	1556.095
917.545	1553.404
917.722	1538.547
917.898	1485.580
918.075	1493.993
918.252	1585.871
918.428	1540.173
918.605	1552.079
918.781	1513.549
918.958	1526.520
919.134	1526.700
919.311	1542.442
919.487	1485.139
919.664	1524.934
919.840	1495.780
920.017	1510.919
920.193	1485.159
920.369	1585.389
920.546	1519.613
920.722	1493.471
920.898	1528.086
921.075	1513.128
921.251	1595.348
921.427	1505.056
921.604	1565.391
921.780	1595.187
921.956	1505.819
922.132	1567.600
922.308	1524.492
922.485	1546.959
922.661	1607.655
922.837	1552.300
923.013	1472.871
923.189	1558.183
923.365	1560.271
923.541	1568.001
923.717	1581.172
923.893	1494.234
924.070	1514.051
924.246	1567.760
924.422	1567.118
924.597	1531.901
924.773	1530.455
924.949	1523.468
925.125	1521.239
925.301	1591.332
925.477	1564.749
925.653	1504.554
925.829	1551.919
926.005	1579.385
926.181	1623.015
926.356	1604.824
926.532	1525.074
926.708	1572.459
926.884	1543.767
927.059	1581.072
927.235	1575.390
927.411	1552.300
927.586	1492.046
927.762	1568.844
927.938	1527.443
928.113	1452.431
928.289	1534.932
928.465	1515.597
928.640	1496.242
928.816	1563.122
928.991	1519.412
929.167	1601.210
929.342	1526.540
929.518	1577.277
929.693	1509.995
929.869	1546.678
930.044	1565.311
930.220	1574.527
930.395	1576.293
930.570	1492.728
930.746	1582.598
930.921	1558.765
931.097	1583.863
931.272	1542.863
931.447	1564.929
931.622	1487.970
931.798	1521.761
931.973	1570.190
932.148	1563.162
932.323	1579.124
932.499	1499.414
932.674	1554.007
932.849	1513.369
933.024	1575.008
933.199	1468.374
933.374	1550.875
933.550	1592.075
933.725	1559.588
933.900	1595.809
934.075	1513.951
934.250	1567.319
934.425	1575.209
934.600	1576.073
934.775	1540.635
934.950	1528.106
935.125	1585.549
935.300	1537.984
935.474	1568.784
935.649	1586.734
935.824	1518.268
935.999	1555.854
936.174	1508.229
936.349	1546.919
936.524	1567.379
936.698	1501.201
936.873	1556.115
937.048	1491.785
937.223	1556.496
937.397	1553.585
937.572	1533.627
937.747	1528.849
937.921	1542.241
938.096	1573.262
938.271	1536.900
938.445	1558.886
938.620	1598.620
938.794	1539.330
938.969	1537.603
939.144	1560.954
939.318	1533.025
939.493	1502.506
939.667	1534.752
939.842	1536.117
940.016	1511.983
940.190	1580.048
940.365	1555.934
940.539	1477.067
940.714	1535.736
940.888	1586.212
941.062	1814.320
941.237	1468.916
941.411	1602.375
941.585	1552.561
941.760	1526.058
941.934	1540.735
942.108	1586.935
942.282	1548.827
942.457	1565.873
942.631	1549.288
942.805	1546.678
942.979	1565.672
943.153	1564.267
943.327	1562.138
943.501	1544.811
943.676	1554.107
943.850	1561.797
944.024	1522.986
944.198	1575.530
944.372	1595.970
944.546	1543.707
944.720	1616.992
944.894	1561.195
945.068	1525.375
945.242	1572.197
945.415	1485.781
945.589	1573.864
945.763	1614.121
945.937	1482.669
946.111	1510.999
946.285	1547.742
946.459	1484.235
946.632	1602.797
946.806	1549.810
946.980	1586.353
947.154	1524.412
947.327	1621.309
947.501	1524.130
947.675	1542.341
947.848	1548.967
948.022	1556.316
948.196	1567.278
948.369	1570.190
948.543	1511.782
948.717	1545.152
948.890	1490.620
949.064	1573.703
949.237	1595.388
949.411	1585.831
949.584	1590.629
949.758	1517.746
949.931	1600.548
950.105	1591.774
950.278	1513.971
950.451	1560.753
950.625	1564.668
950.798	1558.665
950.971	1561.155
951.145	1595.829
951.318	1517.204
951.491	1517.806
951.665	1531.017
951.838	1521.661
952.011	1498.069
952.184	1512.686
952.358	1536.479
952.531	1531.861
952.704	1582.437
952.877	1485.259
953.050	1484.055
953.223	1531.760
953.397	1498.410
953.570	1514.935
953.743	1527.785
953.916	1587.196
954.089	1565.752
954.262	1517.043
954.435	1499.053
954.608	1524.452
954.781	1500.880
954.954	1623.517
955.127	1549.810
955.300	1508.871
955.472	1560.994
955.645	1592.135
955.818	1532.844
955.991	1541.799
956.164	1529.652
956.337	1554.288
956.509	1585.590
956.682	1522.926
956.855	1562.620
957.028	1545.775
957.200	1534.832
957.373	1534.852
957.546	1580.369
957.718	1650.603
957.891	1525.295
958.064	1545.373
958.236	1570.511
958.409	1502.767
958.581	1488.632
958.754	1569.668
958.927	1577.920
959.099	1570.029
959.272	1586.071
959.444	1565.973
959.617	1571.675
959.789	1561.777
959.961	1585.630
960.134	1583.622
960.306	1575.611
960.479	1555.332
960.651	1566.957
960.823	1520.516
960.996	1544.550
961.168	1463.053
961.340	1558.263
961.513	1536.398
961.685	1575.651
961.857	1544.871
962.029	1564.909
962.201	1575.631
962.374	1522.625
962.546	1542.181
962.718	1510.558
962.890	1503.089
963.062	1572.599
963.234	1544.369
963.406	1563.323
963.578	1577.679
963.750	1506.281
963.922	1559.408
964.094	1548.305
964.266	1530.375
964.438	1578.863
964.610	1553.685
964.782	1541.639
964.954	1547.240
965.126	1545.634
965.298	1553.645
965.470	1527.484
965.642	1594.223
965.814	1514.453
965.985	1607.174
966.157	1540.655
966.329	1583.843
966.501	1580.811
966.672	1538.225
966.844	1555.051
967.016	1591.292
967.187	1587.838
967.359	1539.390
967.531	1508.068
967.702	1539.852
967.874	1557.500
968.046	1542.361
968.217	1521.581
968.389	1590.750
968.560	1518.689
968.732	1513.931
968.903	1533.025
969.075	1514.694
969.246	1577.036
969.418	1616.349
969.589	1588.842
969.761	1637.753
969.932	1533.246
970.103	1485.821
970.275	1507.988
970.446	1519.974
970.617	1624.421
970.789	1552.802
970.960	1596.773
971.131	1552.581
971.302	1579.406
971.474	1511.240
971.645	1490.600
971.816	1514.995
971.987	1619.200
972.158	1509.534
972.330	1544.791
972.501	1573.181
972.672	1544.811
972.843	1573.483
973.014	1532.322
973.185	1487.910
973.356	1579.887
973.527	1509.594
973.698	1524.010
973.869	1643.776
974.040	1542.843
974.211	1520.275
974.382	1568.724
974.553	1530.375
974.724	1511.080
974.895	1522.303
975.065	1503.129
975.236	1580.711
975.407	1514.573
975.578	1478.011
975.749	1539.289
975.919	1540.273
976.090	1587.296
976.261	1506.060
976.432	1598.942
976.602	1587.718
976.773	1514.874
976.944	1592.838
977.114	1586.694
977.285	1525.375
977.456	1490.118
977.626	1525.837
977.797	1503.791
977.967	1561.014
978.138	1588.702
978.308	1535.314
978.479	1570.571
978.649	1581.935
978.820	1570.772
978.990	1535.555
979.161	1604.021
979.331	1540.474
979.501	1556.235
979.672	1567.841
979.842	1537.061
980.012	1494.174
980.183	1584.084
980.353	1518.850
980.523	1529.853
980.694	1493.331
980.864	1543.707
981.034	1572.780
981.204	1562.419
981.374	1500.057
981.545	1612.896
981.715	1547.722
981.885	1596.613
982.055	1560.512
982.225	1530.194
982.395	1565.993
982.565	1555.151
982.735	1553.806
982.905	1577.217
983.075	1568.583
983.245	1559.086
983.415	1491.082
983.585	1497.567
983.755	1574.988
983.925	1537.081
984.095	1579.285
984.265	1611.872
984.435	1522.243
984.604	1539.932
984.774	1571.515
984.944	1545.474
985.114	1536.298
985.284	1527.343
985.453	1528.146
985.623	1567.138
985.793	1521.661
985.962	1545.534
986.132	1556.135
986.302	1585.349
986.471	1536.177
986.641	1521.279
986.811	1521.139
986.980	1521.801
987.150	1547.301
987.319	1557.059
987.489	1518.649
987.658	1535.595
987.828	1504.092
987.997	1504.113
988.167	1547.501
988.336	1569.065
988.506	1519.472
988.675	1603.339
988.844	1540.113
989.014	1518.910
989.183	1497.045
989.352	1579.165
989.522	1547.803
989.691	1517.485
989.860	1499.976
990.030	1500.237
990.199	1485.621
990.368	1507.927
990.537	1528.728
990.706	1538.486
990.876	1546.397
991.045	1661.625
991.214	1506.100
991.383	1549.148
991.552	1544.891
991.721	1513.409
991.890	1552.441
992.059	1530.214
992.228	1529.793
992.397	1572.760
992.566	1607.655
992.735	1518.930
992.904	1517.404
993.073	1504.032
993.242	1518.910
993.411	1489.134
993.580	1614.402
993.749	1531.921
993.917	1544.550
994.086	1534.772
994.255	1544.490
994.424	1551.095
994.593	1579.807
994.761	1524.934
994.930	1532.644
995.099	1530.475
995.267	1549.449
995.436	1590.870
995.605	1621.630
995.773	1558.846
995.942	1562.179
996.111	1565.411
996.279	1483.834
996.448	1520.035
996.616	1484.577
996.785	1599.223
996.953	1492.869
997.122	1542.321
997.290	1473.373
997.459	1486.745
997.627	1520.476
997.795	1633.757
997.964	1607.354
998.132	1557.781
998.301	1531.379
998.469	1559.026
998.637	1565.030
998.805	1510.538
998.974	1604.905
999.142	1541.578
999.310	1565.090
999.478	1501.884
999.647	1608.880
999.815	1562.680
999.983	1570.832
1000.151	1507.948
1000.319	1612.133
1000.487	1540.735
1000.656	1549.088
1000.824	1596.572
1000.992	1527.243
1001.160	1553.324
1001.328	1555.834
1001.496	1524.070
1001.664	1607.515
1001.832	1511.301
1002.000	1541.478
1002.168	1614.281
1002.335	1530.214
1002.503	1555.974
1002.671	1548.746
1002.839	1638.134
1003.007	1539.450
1003.175	1533.949
1003.342	1524.130
1003.510	1581.152
1003.678	1552.581
1003.846	1536.418
1004.013	1508.650
1004.181	1539.390
1004.349	1568.302
1004.517	1562.680
1004.684	1564.688
1004.852	1551.638
1005.019	1544.931
1005.187	1497.206
1005.355	1524.954
1005.522	1571.394
1005.690	1529.933
1005.857	1534.451
1006.025	1509.072
1006.192	1615.104
1006.360	1499.776
1006.527	1492.487
1006.694	1555.814
1006.862	1536.037
1007.029	1526.259
1007.197	1574.266
1007.364	1511.080
1007.531	1559.588
1007.699	1592.858
1007.866	1518.348
1008.033	1521.761
1008.200	1537.121
1008.368	1576.414
1008.535	1571.053
1008.702	1549.389
1008.869	1514.272
1009.036	1505.518
1009.204	1566.937
1009.371	1576.735
1009.538	1584.666
1009.705	1533.346
1009.872	1518.970
1010.039	1597.094
1010.206	1558.364
1010.373	1570.631
1010.540	1531.439
1010.707	1563.303
1010.874	1509.313
1011.041	1508.168
1011.208	1547.542
1011.375	1550.774
1011.542	1531.419
1011.709	1575.691
1011.875	1535.816
1012.042	1544.128
1012.209	1565.552
1012.376	1520.617
1012.543	1515.838
1012.709	1572.519
1012.876	1533.989
1013.043	1663.412
1013.209	1569.447
1013.376	1531.600
1013.543	1515.055
1013.709	1569.206
1013.876	1552.963
1014.043	1539.069
1014.209	1525.275
1014.376	1543.526
1014.542	1541.337
1014.709	1531.881
1014.875	1528.969
1015.042	1533.487
1015.208	1514.915
1015.375	1549.630
1015.541	1513.047
1015.708	1555.111
1015.874	1506.482
1016.040	1602.014
1016.207	1535.475
1016.373	1618.518
1016.539	1587.095
1016.706	1555.111
1016.872	1489.496
1017.038	1516.963
1017.204	1516.380
1017.371	1586.754
1017.537	1651.787
1017.703	1507.466
1017.869	1539.611
1018.035	1544.249
1018.202	1562.560
1018.368	1522.022
1018.534	1537.201
1018.700	1530.756
1018.866	1516.681
1019.032	1502.045
1019.198	1526.781
1019.364	1568.443
1019.530	1543.807
1019.696	1559.508
1019.862	1555.011
1020.028	1585.349
1020.194	1541.177
1020.360	1541.578
1020.525	1509.554
1020.691	1542.783
1020.857	1532.383
1021.023	1618.056
1021.189	1602.596
1021.354	1490.520
1021.520	1513.931
1021.686	1593.661
1021.852	1564.849
1022.017	1546.257
1022.183	1546.959
1022.349	1555.492
1022.514	1567.078
1022.680	1468.896
1022.846	1574.326
1023.011	1558.605
1023.177	1523.066
1023.342	1515.718
1023.508	1548.666
1023.673	1556.195
1023.839	1551.718
1024.004	1553.846
1024.170	1551.236
1024.335	1590.449
1024.500	1557.360
1024.666	1521.781
1024.831	1523.588
1024.997	1559.649
1025.162	1561.958
1025.327	1501.181
1025.493	1473.594
1025.658	1593.781
1025.823	1564.728
1025.988	1537.824
1026.154	1543.004
1026.319	1508.148
1026.484	1546.357
1026.649	1545.795
1026.814	1526.439
1026.979	1579.566
1027.144	1503.530
1027.310	1522.564
1027.475	1546.457
1027.640	1555.111
1027.805	1525.114
1027.970	1529.250
1028.135	1536.197
1028.300	1511.481
1028.465	1501.081
1028.630	1579.004
1028.795	1487.990
1028.959	1521.520
1029.124	1528.086
1029.289	1555.472
1029.454	1580.309
1029.619	1575.109
1029.784	1551.397
1029.948	1530.315
1030.113	1485.801
1030.278	1514.393
1030.443	1555.874
1030.607	1571.776
1030.772	1512.144
1030.937	1608.760
1031.101	1558.605
1031.266	1597.436
1031.431	1489.174
1031.595	1543.666
1031.760	1502.165
1031.924	1534.431
1032.089	1574.527
1032.253	1474.437
1032.418	1504.454
1032.582	1589.023
1032.747	1608.679
1032.911	1602.837
1033.076	1505.016
1033.240	1520.155
1033.404	1524.934
1033.569	1546.879
1033.733	1564.648
1033.897	1556.276
1034.062	1554.629
1034.226	1566.897
1034.390	1545.815
1034.555	1533.888
1034.719	1519.151
1034.883	1511.562
1035.047	1494.535
1035.211	1531.138
1035.376	1548.505
1035.540	1552.842
1035.704	1518.830
1035.868	1492.427
1036.032	1631.087
1036.196	1555.774
1036.360	1538.245
1036.524	1542.080
1036.688	1512.385
1036.852	1550.031
1037.016	1552.160
1037.180	1578.863
1037.344	1514.553
1037.508	1583.060
1037.672	1549.329
1037.836	1532.704
1037.999	1610.667
1038.163	1606.491
1038.327	1458.877
1038.491	1460.101
1038.655	1506.964
1038.818	1595.287
1038.982	1559.990
1039.146	1496.905
1039.309	1574.205
1039.473	1531.921
1039.637	1521.842
1039.800	1565.230
1039.964	1606.913
1040.128	1538.085
1040.291	1575.631
1040.455	1509.413
1040.618	1497.768
1040.782	1531.519
1040.945	1558.825
1041.109	1530.254
1041.272	1535.535
1041.436	1527.423
1041.599	1516.742
1041.763	1540.454
1041.926	1526.881
1042.089	1594.304
1042.253	1475.421
1042.416	1519.171
1042.579	1636.889
1042.743	1619.261
1042.906	1580.028
1043.069	1557.480
1043.232	1594.745
1043.395	1550.734
1043.559	1526.781
1043.722	1505.317
1043.885	1561.516
1044.048	1524.070
1044.211	1552.340
1044.374	1522.364
1044.537	1587.176
1044.700	1556.476
1044.863	1556.476
1045.026	1565.532
1045.189	1505.137
1045.352	1618.698
1045.515	1571.053
1045.678	1552.742
1045.841	1552.742
1046.004	1552.742
1046.167	1552.742
1046.330	1552.742
1046.493	1552.742
1046.656	1552.742
1046.818	1552.742
1046.981	1552.742
1047.144	1552.742
1047.307	1552.742
1047.469	1552.742
1047.632	1552.742
1047.795	1552.742
1047.957	1552.742
1048.120	1552.742
1048.283	1552.742
1048.445	1552.742
1048.608	1552.742
1048.770	1552.742
1048.933	1552.742
1049.096	1552.742
1049.258	1552.742
1049.421	1552.742
1049.583	1552.742
1049.746	1552.742
1049.908	1552.742
1050.070	1552.742
