700.000000 0.000000
701.000000 0.000000
702.000000 0.000000
703.000000 0.000000
704.000000 0.000000
705.000000 0.000000
706.000000 0.000000
707.000000 0.000000
708.000000 0.000000
709.000000 0.000000
710.000000 0.000000
711.000000 0.000000
712.000000 0.000000
713.000000 0.000000
714.000000 0.000000
715.000000 0.000000
716.000000 0.000000
717.000000 0.000000
718.000000 0.000000
719.000000 0.000000
720.000000 0.000000
721.000000 0.000000
722.000000 0.000000
723.000000 0.000000
724.000000 0.000000
725.000000 0.000000
726.000000 0.000000
727.000000 0.000000
728.000000 0.000000
729.000000 0.000000
730.000000 0.000000
731.000000 0.000000
732.000000 0.000000
733.000000 0.000000
734.000000 0.000001
735.000000 0.000001
736.000000 0.000001
737.000000 0.000002
738.000000 0.000003
739.000000 0.000004
740.000000 0.000005
741.000000 0.000007
742.000000 0.000010
743.000000 0.000013
744.000000 0.000018
745.000000 0.000025
746.000000 0.000034
747.000000 0.000045
748.000000 0.000061
749.000000 0.000081
750.000000 0.000107
751.000000 0.000142
752.000000 0.000187
753.000000 0.000245
754.000000 0.000319
755.000000 0.000415
756.000000 0.000536
757.000000 0.000691
758.000000 0.000886
759.000000 0.001132
760.000000 0.001439
761.000000 0.001821
762.000000 0.002296
763.000000 0.002881
764.000000 0.003600
765.000000 0.004479
766.000000 0.005549
767.000000 0.006845
768.000000 0.008406
769.000000 0.010280
770.000000 0.012516
771.000000 0.015174
772.000000 0.018316
773.000000 0.022014
774.000000 0.026344
775.000000 0.031389
776.000000 0.037239
777.000000 0.043989
778.000000 0.051737
779.000000 0.060588
780.000000 0.070647
781.000000 0.082020
782.000000 0.094813
783.000000 0.109128
784.000000 0.125062
785.000000 0.142704
786.000000 0.162132
787.000000 0.183409
788.000000 0.206583
789.000000 0.231680
790.000000 0.258704
791.000000 0.287633
792.000000 0.318417
793.000000 0.350974
794.000000 0.385189
795.000000 0.420915
796.000000 0.457968
797.000000 0.496132
798.000000 0.535156
799.000000 0.574757
800.000000 0.614623
801.000000 0.654418
802.000000 0.693780
803.000000 0.732335
804.000000 0.769695
805.000000 0.805468
806.000000 0.839265
807.000000 0.870705
808.000000 0.899423
809.000000 0.925076
810.000000 0.947354
811.000000 0.965979
812.000000 0.980718
813.000000 0.991384
814.000000 0.997839
815.000000 1.000000
816.000000 0.997839
817.000000 0.991384
818.000000 0.980718
819.000000 0.965979
820.000000 0.947354
821.000000 0.925076
822.000000 0.899423
823.000000 0.870705
824.000000 0.839265
825.000000 0.805468
826.000000 0.769695
827.000000 0.732335
828.000000 0.693780
829.000000 0.654418
830.000000 0.614623
831.000000 0.574757
832.000000 0.535156
833.000000 0.496132
834.000000 0.457968
835.000000 0.420915
836.000000 0.385189
837.000000 0.350974
838.000000 0.318417
839.000000 0.287633
840.000000 0.258704
841.000000 0.231680
842.000000 0.206583
843.000000 0.183409
844.000000 0.162132
845.000000 0.142704
846.000000 0.125062
847.000000 0.109128
848.000000 0.094813
849.000000 0.082020
850.000000 0.070647
851.000000 0.060588
852.000000 0.051737
853.000000 0.043989
854.000000 0.037239
855.000000 0.031389
856.000000 0.026344
857.000000 0.022014
858.000000 0.018316
859.000000 0.015174
860.000000 0.012516
861.000000 0.010280
862.000000 0.008406
863.000000 0.006845
864.000000 0.005549
865.000000 0.004479
866.000000 0.003600
867.000000 0.002881
868.000000 0.002296
869.000000 0.001821
870.000000 0.001439
871.000000 0.001132
872.000000 0.000886
873.000000 0.000691
874.000000 0.000536
875.000000 0.000415
876.000000 0.000319
877.000000 0.000245
878.000000 0.000187
879.000000 0.000142
880.000000 0.000107
881.000000 0.000081
882.000000 0.000061
883.000000 0.000045
884.000000 0.000034
885.000000 0.000025
886.000000 0.000018
887.000000 0.000013
888.000000 0.000010
889.000000 0.000007
890.000000 0.000005
891.000000 0.000004
892.000000 0.000003
893.000000 0.000002
894.000000 0.000001
895.000000 0.000001
896.000000 0.000001
897.000000 0.000000
898.000000 0.000000
899.000000 0.000000
900.000000 0.000000
