t     E_HHG_l        E_HHG_s       Phi_LH_l       Phi_LH_s      
(fs)     (arb.units)    (arb.units)   (pi)          (pi)           
0.000000000     0.000000000          0.000000000        0.000000000         0.000000000          
0.000000000     0.000000000          0.000000000        0.000000000         0.000000000          
0.000000000     0.000000000          0.000000000        0.000000000         0.000000000          
0.000000000     0.000000000          0.000000000        0.000000000         0.000000000          
0.000000000     0.000000000          0.000000000        0.000000000         0.000000000          
0.000000000     0.000000000          0.000000000        0.000000000         0.000000000          
0.000000000     0.000000000          0.000000000        0.000000000         0.000000000          
0.000000000     0.000000000          0.000000000        0.000000000         0.000000000          
0.000000000     0.000000000          0.000000000        0.000000000         0.000000000          
0.000000000     0.000000000          0.000000000        0.000000000         0.000000000          
0.000000000     0.000000000          0.000000000        0.000000000         0.000000000          
0.000000000     0.000000000          0.000000000        0.000000000         0.000000000          
0.000000000     0.000000000          0.000000000        0.000000000         0.000000000          
0.000000000     0.000000000          0.000000000        0.000000000         0.000000000          
0.000000000     0.000000000          0.000000000        0.000000000         0.000000000          
0.000000000     0.000000000          0.000000000        0.000000000         0.000000000          
0.000000000     0.000000000          0.000000000        0.000000000         0.000000000          
0.000000000     0.000000000          0.000000000        0.000000000         0.000000000          
0.000000000     0.000000000          0.000000000        0.000000000         0.000000000          
0.000000000     0.000000000          0.000000000        0.000000000         0.000000000          
0.000000000     0.000000000          0.000000000        0.000000000         0.000000000          
0.000000000     0.000000000          0.000000000        0.000000000         0.000000000          
0.000000000     0.000000000          0.000000000        0.000000000         0.000000000          
0.000000000     0.000000000          0.000000000        0.000000000         0.000000000          
0.000000000     0.000000000          0.000000000        0.000000000         0.000000000          
0.000000000     0.000000000          0.000000000        0.000000000         0.000000000          
0.000000000     0.000000000          0.000000000        0.000000000         0.000000000          
0.000000000     0.000000000          0.000000000        0.000000000         0.000000000          
0.000000000     0.000000000          0.000000000        0.000000000         0.000000000          
0.000000000     0.000000000          0.000000000        0.000000000         0.000000000          
0.000000000     0.000000000          0.000000000        0.000000000         0.000000000          
0.000000000     0.000000000          0.000000000        0.000000000         0.000000000          
0.000000000     0.000000000          0.000000000        0.000000000         0.000000000          
0.000000000     0.000000000          0.000000000        0.000000000         0.000000000          
0.000000000     0.000000000          0.000000000        0.000000000         0.000000000          
0.000000000     0.000000000          0.000000000        0.000000000         0.000000000          
0.000000000     0.000000000          0.000000000        0.000000000         0.000000000          
0.000000000     0.000000000          0.000000000        0.000000000         0.000000000          
0.000000000     0.000000000          0.000000000        0.000000000         0.000000000          
0.000000000     0.000000000          0.000000000        0.000000000         0.000000000          
0.000000000     0.000000000          0.000000000        0.000000000         0.000000000          
0.000000000     0.000000000          0.000000000        0.000000000         0.000000000          
0.000000000     0.000000000          0.000000000        0.000000000         0.000000000          
0.000000000     0.000000000          0.000000000        0.000000000         0.000000000          
0.000000000     0.000000000          0.000000000        0.000000000         0.000000000          
0.000000000     0.000000000          0.000000000        0.000000000         0.000000000          
0.000000000     0.000000000          0.000000000        0.000000000         0.000000000          
0.000000000     0.000000000          0.000000000        0.000000000         0.000000000          
0.000000000     0.000000000          0.000000000        0.000000000         0.000000000          
0.000000000     0.000000000          0.000000000        0.000000000         0.000000000          
0.000000000     0.000000000          0.000000000        0.000000000         0.000000000          
0.000000000     0.000000000          0.000000000        0.000000000         0.000000000          
0.000000000     0.000000000          0.000000000        0.000000000         0.000000000          
0.000000000     0.000000000          0.000000000        0.000000000         0.000000000          
0.000000000     0.000000000          0.000000000        0.000000000         0.000000000          
0.000000000     0.000000000          0.000000000        0.000000000         0.000000000          
0.000000000     0.000000000          0.000000000        0.000000000         0.000000000          
0.000000000     0.000000000          0.000000000        0.000000000         0.000000000          
0.000000000     0.000000000          0.000000000        0.000000000         0.000000000          
0.000000000     0.000000000          0.000000000        0.000000000         0.000000000          
0.000000000     0.000000000          0.000000000        0.000000000         0.000000000          
0.000000000     0.000000000          0.000000000        0.000000000         0.000000000          
0.000000000     0.000000000          0.000000000        0.000000000         0.000000000          
0.000000000     0.000000000          0.000000000        0.000000000         0.000000000          
0.000000000     0.000000000          0.000000000        0.000000000         0.000000000          
0.000000000     0.000000000          0.000000000        0.000000000         0.000000000          
0.000000000     0.000000000          0.000000000        0.000000000         0.000000000          
0.000000000     0.000000000          0.000000000        0.000000000         0.000000000          
0.000000000     0.000000000          0.000000000        0.000000000         0.000000000          
0.000000000     0.000000000          0.000000000        0.000000000         0.000000000          
0.000000000     0.000000000          0.000000000        0.000000000         0.000000000          
0.000000000     0.000000000          0.000000000        0.000000000         0.000000000          
0.000000000     0.000000000          0.000000000        0.000000000         0.000000000          
0.000000000     0.000000000          0.000000000        0.000000000         0.000000000          
0.000000000     0.000000000          0.000000000        0.000000000         0.000000000          
0.000000000     0.000000000          0.000000000        0.000000000         0.000000000          
0.000000000     0.000000000          0.000000000        0.000000000         0.000000000          
0.000000000     0.000000000          0.000000000        0.000000000         0.000000000          
0.000000000     0.000000000          0.000000000        0.000000000         0.000000000          
0.000000000     0.000000000          0.000000000        0.000000000         0.000000000          
0.000000000     0.000000000          0.000000000        0.000000000         0.000000000          
0.000000000     0.000000000          0.000000000        0.000000000         0.000000000          
0.000000000     0.000000000          0.000000000        0.000000000         0.000000000          
0.000000000     0.000000000          0.000000000        0.000000000         0.000000000          
0.000000000     0.000000000          0.000000000        0.000000000         0.000000000          
0.000000000     0.000000000          0.000000000        0.000000000         0.000000000          
0.000000000     0.000000000          0.000000000        0.000000000         0.000000000          
0.000000000     0.000000000          0.000000000        0.000000000         0.000000000          
0.000000000     0.000000000          0.000000000        0.000000000         0.000000000          
0.000000000     0.000000000          0.000000000        0.000000000         0.000000000          
0.000000000     0.000000000          0.000000000        0.000000000         0.000000000          
0.000000000     0.000000000          0.000000000        0.000000000         0.000000000          
0.000000000     0.000000000          0.000000000        0.000000000         0.000000000          
0.000000000     0.000000000          0.000000000        0.000000000         0.000000000          
0.000000000     0.000000000          0.000000000        0.000000000         0.000000000          
0.000000000     0.000000000          0.000000000        0.000000000         0.000000000          
0.000000000     0.000000000          0.000000000        0.000000000         0.000000000          
0.000000000     0.000000000          0.000000000        0.000000000         0.000000000          
0.000000000     0.000000000          0.000000000        0.000000000         0.000000000          
0.000000000     0.000000000          0.000000000        0.000000000         0.000000000          
0.000000000     0.000000000          0.000000000        0.000000000         0.000000000          
0.000000000     0.000000000          0.000000000        0.000000000         0.000000000          
0.000000000     0.000000000          0.000000000        0.000000000         0.000000000          
0.000000000     0.000000000          0.000000000        0.000000000         0.000000000          
0.000000000     0.000000000          0.000000000        0.000000000         0.000000000          
0.000000000     0.000000000          0.000000000        0.000000000         0.000000000          
0.000000000     0.000000000          0.000000000        0.000000000         0.000000000          
0.000000000     0.000000000          0.000000000        0.000000000         0.000000000          
0.000000000     0.000000000          0.000000000        0.000000000         0.000000000          
0.000000000     0.000000000          0.000000000        0.000000000         0.000000000          
0.000000000     0.000000000          0.000000000        0.000000000         0.000000000          
0.000000000     0.000000000          0.000000000        0.000000000         0.000000000          
0.000000000     0.000000000          0.000000000        0.000000000         0.000000000          
0.000000000     0.000000000          0.000000000        0.000000000         0.000000000          
0.000000000     0.000000000          0.000000000        0.000000000         0.000000000          
0.000000000     0.000000000          0.000000000        0.000000000         0.000000000          
0.000000000     0.000000000          0.000000000        0.000000000         0.000000000          
0.000000000     0.000000000          0.000000000        0.000000000         0.000000000          
0.000000000     0.000000000          0.000000000        0.000000000         0.000000000          
0.000000000     0.000000000          0.000000000        0.000000000         0.000000000          
0.000000000     0.000000000          0.000000000        0.000000000         0.000000000          
0.000000000     0.000000000          0.000000000        0.000000000         0.000000000          
0.000000000     0.000000000          0.000000000        0.000000000         0.000000000          
0.000000000     0.000000000          0.000000000        0.000000000         0.000000000          
0.000000000     0.000000000          0.000000000        0.000000000         0.000000000          
0.000000000     0.000000000          0.000000000        0.000000000         0.000000000          
0.000000000     0.000000000          0.000000000        0.000000000         0.000000000          
0.000000000     0.000000000          0.000000000        0.000000000         0.000000000          
0.000000000     0.000000000          0.000000000        0.000000000         0.000000000          
0.000000000     0.000000000          0.000000000        0.000000000         0.000000000          
0.000000000     0.000000000          0.000000000        0.000000000         0.000000000          
0.000000000     0.000000000          0.000000000        0.000000000         0.000000000          
0.000000000     0.000000000          0.000000000        0.000000000         0.000000000          
0.000000000     0.000000000          0.000000000        0.000000000         0.000000000          
0.000000000     0.000000000          0.000000000        0.000000000         0.000000000          
0.000000000     0.000000000          0.000000000        0.000000000         0.000000000          
0.000000000     0.000000000          0.000000000        0.000000000         0.000000000          
0.000000000     0.000000000          0.000000000        0.000000000         0.000000000          
0.000000000     0.000000000          0.000000000        0.000000000         0.000000000          
0.000000000     0.000000000          0.000000000        0.000000000         0.000000000          
0.000000000     0.000000000          0.000000000        0.000000000         0.000000000          
0.000000000     0.000000000          0.000000000        0.000000000         0.000000000          
0.000000000     0.000000000          0.000000000        0.000000000         0.000000000          
0.000000000     0.000000000          0.000000000        0.000000000         0.000000000          
0.000000000     0.000000000          0.000000000        0.000000000         0.000000000          
0.000000000     0.000000000          0.000000000        0.000000000         0.000000000          
0.000000000     0.000000000          0.000000000        0.000000000         0.000000000          
0.000000000     0.000000000          0.000000000        0.000000000         0.000000000          
0.000000000     0.000000000          0.000000000        0.000000000         0.000000000          
<<<<<<< Updated upstream
0.000000000     0.146394970          0.085191419        101.661942207         23.388534771          
=======
0.000000000     0.960137530          0.531742886        100.504937599         25.505855100          
>>>>>>> Stashed changes
0.000000000     0.000000000          0.000000000        0.000000000         0.000000000          
0.000000000     0.000000000          0.000000000        0.000000000         0.000000000          
0.000000000     0.000000000          0.000000000        0.000000000         0.000000000          
0.000000000     0.000000000          0.000000000        0.000000000         0.000000000          
0.000000000     0.000000000          0.000000000        0.000000000         0.000000000          
0.000000000     0.000000000          0.000000000        0.000000000         0.000000000          
0.000000000     0.000000000          0.000000000        0.000000000         0.000000000          
0.000000000     0.000000000          0.000000000        0.000000000         0.000000000          
0.000000000     0.000000000          0.000000000        0.000000000         0.000000000          
0.000000000     0.000000000          0.000000000        0.000000000         0.000000000          
0.000000000     0.000000000          0.000000000        0.000000000         0.000000000          
0.000000000     0.000000000          0.000000000        0.000000000         0.000000000          
0.000000000     0.000000000          0.000000000        0.000000000         0.000000000          
0.000000000     0.000000000          0.000000000        0.000000000         0.000000000          
0.000000000     0.000000000          0.000000000        0.000000000         0.000000000          
0.000000000     0.000000000          0.000000000        0.000000000         0.000000000          
0.000000000     0.000000000          0.000000000        0.000000000         0.000000000          
0.000000000     0.000000000          0.000000000        0.000000000         0.000000000          
0.000000000     0.000000000          0.000000000        0.000000000         0.000000000          
0.000000000     0.000000000          0.000000000        0.000000000         0.000000000          
0.000000000     0.000000000          0.000000000        0.000000000         0.000000000          
0.000000000     0.000000000          0.000000000        0.000000000         0.000000000          
0.000000000     0.000000000          0.000000000        0.000000000         0.000000000          
0.000000000     0.000000000          0.000000000        0.000000000         0.000000000          
0.000000000     0.000000000          0.000000000        0.000000000         0.000000000          
0.000000000     0.000000000          0.000000000        0.000000000         0.000000000          
0.000000000     0.000000000          0.000000000        0.000000000         0.000000000          
0.000000000     0.000000000          0.000000000        0.000000000         0.000000000          
0.000000000     0.000000000          0.000000000        0.000000000         0.000000000          
0.000000000     0.000000000          0.000000000        0.000000000         0.000000000          
0.000000000     0.000000000          0.000000000        0.000000000         0.000000000          
0.000000000     0.000000000          0.000000000        0.000000000         0.000000000          
0.000000000     0.000000000          0.000000000        0.000000000         0.000000000          
0.000000000     0.000000000          0.000000000        0.000000000         0.000000000          
0.000000000     0.000000000          0.000000000        0.000000000         0.000000000          
0.000000000     0.000000000          0.000000000        0.000000000         0.000000000          
0.000000000     0.000000000          0.000000000        0.000000000         0.000000000          
0.000000000     0.000000000          0.000000000        0.000000000         0.000000000          
0.000000000     0.000000000          0.000000000        0.000000000         0.000000000          
0.000000000     0.000000000          0.000000000        0.000000000         0.000000000          
0.000000000     0.000000000          0.000000000        0.000000000         0.000000000          
0.000000000     0.000000000          0.000000000        0.000000000         0.000000000          
0.000000000     0.000000000          0.000000000        0.000000000         0.000000000          
0.000000000     0.000000000          0.000000000        0.000000000         0.000000000          
0.000000000     0.000000000          0.000000000        0.000000000         0.000000000          
0.000000000     0.000000000          0.000000000        0.000000000         0.000000000          
0.000000000     0.000000000          0.000000000        0.000000000         0.000000000          
0.000000000     0.000000000          0.000000000        0.000000000         0.000000000          
0.000000000     0.000000000          0.000000000        0.000000000         0.000000000          
0.000000000     0.000000000          0.000000000        0.000000000         0.000000000          
0.000000000     0.000000000          0.000000000        0.000000000         0.000000000          
0.000000000     0.000000000          0.000000000        0.000000000         0.000000000          
0.000000000     0.000000000          0.000000000        0.000000000         0.000000000          
0.000000000     0.000000000          0.000000000        0.000000000         0.000000000          
0.000000000     0.000000000          0.000000000        0.000000000         0.000000000          
0.000000000     0.000000000          0.000000000        0.000000000         0.000000000          
0.000000000     0.000000000          0.000000000        0.000000000         0.000000000          
0.000000000     0.000000000          0.000000000        0.000000000         0.000000000          
0.000000000     0.000000000          0.000000000        0.000000000         0.000000000          
0.000000000     0.000000000          0.000000000        0.000000000         0.000000000          
0.000000000     0.000000000          0.000000000        0.000000000         0.000000000          
0.000000000     0.000000000          0.000000000        0.000000000         0.000000000          
0.000000000     0.000000000          0.000000000        0.000000000         0.000000000          
0.000000000     0.000000000          0.000000000        0.000000000         0.000000000          
0.000000000     0.000000000          0.000000000        0.000000000         0.000000000          
0.000000000     0.000000000          0.000000000        0.000000000         0.000000000          
0.000000000     0.000000000          0.000000000        0.000000000         0.000000000          
0.000000000     0.000000000          0.000000000        0.000000000         0.000000000          
0.000000000     0.000000000          0.000000000        0.000000000         0.000000000          
0.000000000     0.000000000          0.000000000        0.000000000         0.000000000          
0.000000000     0.000000000          0.000000000        0.000000000         0.000000000          
0.000000000     0.000000000          0.000000000        0.000000000         0.000000000          
0.000000000     0.000000000          0.000000000        0.000000000         0.000000000          
0.000000000     0.000000000          0.000000000        0.000000000         0.000000000          
0.000000000     0.000000000          0.000000000        0.000000000         0.000000000          
0.000000000     0.000000000          0.000000000        0.000000000         0.000000000          
0.000000000     0.000000000          0.000000000        0.000000000         0.000000000          
0.000000000     0.000000000          0.000000000        0.000000000         0.000000000          
0.000000000     0.000000000          0.000000000        0.000000000         0.000000000          
0.000000000     0.000000000          0.000000000        0.000000000         0.000000000          
0.000000000     0.000000000          0.000000000        0.000000000         0.000000000          
0.000000000     0.000000000          0.000000000        0.000000000         0.000000000          
0.000000000     0.000000000          0.000000000        0.000000000         0.000000000          
0.000000000     0.000000000          0.000000000        0.000000000         0.000000000          
0.000000000     0.000000000          0.000000000        0.000000000         0.000000000          
0.000000000     0.000000000          0.000000000        0.000000000         0.000000000          
0.000000000     0.000000000          0.000000000        0.000000000         0.000000000          
0.000000000     0.000000000          0.000000000        0.000000000         0.000000000          
0.000000000     0.000000000          0.000000000        0.000000000         0.000000000          
0.000000000     0.000000000          0.000000000        0.000000000         0.000000000          
0.000000000     0.000000000          0.000000000        0.000000000         0.000000000          
0.000000000     0.000000000          0.000000000        0.000000000         0.000000000          
0.000000000     0.000000000          0.000000000        0.000000000         0.000000000          
0.000000000     0.000000000          0.000000000        0.000000000         0.000000000          
0.000000000     0.000000000          0.000000000        0.000000000         0.000000000          
0.000000000     0.000000000          0.000000000        0.000000000         0.000000000          
0.000000000     0.000000000          0.000000000        0.000000000         0.000000000          
0.000000000     0.000000000          0.000000000        0.000000000         0.000000000          
0.000000000     0.000000000          0.000000000        0.000000000         0.000000000          
0.000000000     0.000000000          0.000000000        0.000000000         0.000000000          
0.000000000     0.000000000          0.000000000        0.000000000         0.000000000          
0.000000000     0.000000000          0.000000000        0.000000000         0.000000000          
0.000000000     0.000000000          0.000000000        0.000000000         0.000000000          
0.000000000     0.000000000          0.000000000        0.000000000         0.000000000          
0.000000000     0.000000000          0.000000000        0.000000000         0.000000000          
0.000000000     0.000000000          0.000000000        0.000000000         0.000000000          
0.000000000     0.000000000          0.000000000        0.000000000         0.000000000          
0.000000000     0.000000000          0.000000000        0.000000000         0.000000000          
0.000000000     0.000000000          0.000000000        0.000000000         0.000000000          
0.000000000     0.000000000          0.000000000        0.000000000         0.000000000          
0.000000000     0.000000000          0.000000000        0.000000000         0.000000000          
0.000000000     0.000000000          0.000000000        0.000000000         0.000000000          
0.000000000     0.000000000          0.000000000        0.000000000         0.000000000          
0.000000000     0.000000000          0.000000000        0.000000000         0.000000000          
0.000000000     0.000000000          0.000000000        0.000000000         0.000000000          
0.000000000     0.000000000          0.000000000        0.000000000         0.000000000          
0.000000000     0.000000000          0.000000000        0.000000000         0.000000000          
0.000000000     0.000000000          0.000000000        0.000000000         0.000000000          
0.000000000     0.000000000          0.000000000        0.000000000         0.000000000          
0.000000000     0.000000000          0.000000000        0.000000000         0.000000000          
0.000000000     0.000000000          0.000000000        0.000000000         0.000000000          
0.000000000     0.000000000          0.000000000        0.000000000         0.000000000          
0.000000000     0.000000000          0.000000000        0.000000000         0.000000000          
0.000000000     0.000000000          0.000000000        0.000000000         0.000000000          
0.000000000     0.000000000          0.000000000        0.000000000         0.000000000          
0.000000000     0.000000000          0.000000000        0.000000000         0.000000000          
0.000000000     0.000000000          0.000000000        0.000000000         0.000000000          
0.000000000     0.000000000          0.000000000        0.000000000         0.000000000          
0.000000000     0.000000000          0.000000000        0.000000000         0.000000000          
0.000000000     0.000000000          0.000000000        0.000000000         0.000000000          
0.000000000     0.000000000          0.000000000        0.000000000         0.000000000          
0.000000000     0.000000000          0.000000000        0.000000000         0.000000000          
0.000000000     0.000000000          0.000000000        0.000000000         0.000000000          
0.000000000     0.000000000          0.000000000        0.000000000         0.000000000          
0.000000000     0.000000000          0.000000000        0.000000000         0.000000000          
0.000000000     0.000000000          0.000000000        0.000000000         0.000000000          
0.000000000     0.000000000          0.000000000        0.000000000         0.000000000          
0.000000000     0.000000000          0.000000000        0.000000000         0.000000000          
0.000000000     0.000000000          0.000000000        0.000000000         0.000000000          
0.000000000     0.000000000          0.000000000        0.000000000         0.000000000          
0.000000000     0.000000000          0.000000000        0.000000000         0.000000000          
0.000000000     0.000000000          0.000000000        0.000000000         0.000000000          
0.000000000     0.000000000          0.000000000        0.000000000         0.000000000          
0.000000000     0.000000000          0.000000000        0.000000000         0.000000000          
0.000000000     0.000000000          0.000000000        0.000000000         0.000000000          
0.000000000     0.000000000          0.000000000        0.000000000         0.000000000          
0.000000000     0.000000000          0.000000000        0.000000000         0.000000000          
0.000000000     0.000000000          0.000000000        0.000000000         0.000000000          
0.000000000     0.000000000          0.000000000        0.000000000         0.000000000          
0.000000000     0.000000000          0.000000000        0.000000000         0.000000000          
