position     E_HHG_pm        E_HHG_l           E_HHG_s        Phi_LH_l        Phi_LH_s     n_source 
(mm)         (arb.units)     (arb.units)      (arb.units)    (rad)           (rad)         (1/s)    
0.000000000        0.000000000           0.000000000            0.000000000         -247.003959941           97.910500502          0.000000000    
0.050000000        0.000000000           0.000000000            0.000000000         -246.749818085           96.467345750          0.000000000    
0.100000000        0.000000000           0.000000000            0.000000000         -246.503073313           95.023725698          0.000000000    
0.150000000        0.000000000           0.000000000            0.000000000         -246.263658079           93.579688770          0.000000000    
0.200000000        0.000000000           0.000000000            0.000000000         -246.031501080           92.135283387          0.000000000    
0.250000000        0.000000000           0.000000000            0.000000000         -245.806527698           90.690557973          0.000000000    
0.300000000        0.000000000           0.000000000            0.000000000         -245.588660420           89.245560952          0.000000000    
0.350000000        0.000000000           0.000000000            0.000000000         -245.377819230           87.800340745          0.000000000    
0.400000000        0.000000000           0.000000000            0.000000000         -245.173921975           86.354945777          0.000000000    
0.450000000        0.000000000           0.000000000            0.000000000         -244.976884704           84.909424471          0.000000000    
0.500000000        0.000000000           0.000000000            0.000000000         -244.786621987           83.463825252          0.000000000    
0.550000000        0.000000000           0.000000000            0.000000000         -244.603047204           82.018196542          0.000000000    
0.600000000        0.000000000           0.000000000            0.000000000         -244.426072820           80.572586767          0.000000000    
0.650000000        0.000000000           0.000000000            0.000000000         -244.255610628           79.127044350          0.000000000    
0.700000000        0.000000000           0.000000000            0.000000000         -244.091571982           77.681617715          0.000000000    
0.750000000        0.000000000           0.000000000            0.000000000         -243.933868005           76.236355288          0.000000000    
0.800000000        0.000000000           0.000000000            0.000000000         -243.782409773           74.791305493          0.000000000    
0.850000000        0.000000000           0.000000000            0.000000000         -243.637108493           73.346516754          0.000000000    
0.900000000        0.000000000           0.000000000            0.000000000         -243.497875652           71.902037497          0.000000000    
0.950000000        0.000000000           0.000000000            0.000000000         -243.364623158           70.457916146          0.000000000    
1.000000000        0.000000000           0.000000000            0.000000000         -243.237263459           69.014201127          0.000000000    
1.050000000        0.000000000           0.000000000            0.000000000         -243.115709652           67.570940866          0.000000000    
1.100000000        0.000000000           0.000000000            0.000000000         -242.999875579           66.128183787          0.000000000    
1.150000000        0.000000000           0.000000000            0.000000000         -242.889675902           64.685978317          0.000000000    
1.200000000        0.000000000           0.000000000            0.000000000         -242.785026175           63.244372880          0.000000000    
1.250000000        0.000000000           0.000000000            0.000000000         -242.685842900           61.803415904          0.000000000    
1.300000000        0.000000000           0.000000000            0.000000000         -242.592043574           60.363155814          0.000000000    
1.350000000        0.000000000           0.000000000            0.000000000         -242.503546721           58.923641035          0.000000000    
1.400000000        0.000000000           0.000000000            0.000000000         -242.420271923           57.484919996          0.000000000    
1.450000000        0.000000000           0.000000000            0.000000000         -242.342139834           56.047041121          0.000000000    
1.500000000        0.000000000           0.000000000            0.000000000         -242.269072192           54.610052837          0.000000000    
1.550000000        0.000000000           0.000000000            0.000000000         -242.200991818           53.174003571          0.000000000    
1.600000000        0.000000000           0.000000000            0.000000000         -242.137822617           51.738941750          0.000000000    
1.650000000        0.000000000           0.000000000            0.000000000         -242.079489561           50.304915800          0.000000000    
1.700000000        0.000000000           0.000000000            0.000000000         -242.025918677           48.871974150          0.000000000    
1.750000000        0.000000000           0.000000000            0.000000000         -241.977037024           47.440165224          0.000000000    
1.800000000        0.000000000           0.000000000            0.000000000         -241.932772664           46.009537452          0.000000000    
1.850000000        0.000000000           0.000000000            0.000000000         -241.893054636           44.580139260          0.000000000    
1.900000000        0.000000000           0.000000000            0.000000000         -241.857812922           43.152019076          0.000000000    
1.950000000        0.000000000           0.000000000            0.000000000         -241.826978404           41.725225326          0.000000000    
2.000000000        0.000000000           0.000000000            0.000000000         -241.800482832           40.299806440          0.000000000    
2.050000000        0.000000000           0.000000000            0.000000000         -241.778258775           38.875810845          0.000000000    
2.100000000        0.000000000           0.000000000            0.000000000         -241.760239583           37.453286968          0.000000000    
2.150000000        0.000000000           0.000000000            0.000000000         -241.746359335           36.032283237          0.000000000    
2.200000000        0.000000000           0.000000000            0.000000000         -241.736552798           34.612848082          0.000000000    
2.250000000        0.000000000           0.000000000            0.000000000         -241.730755374           33.195029929          0.000000000    
2.300000000        0.000000000           0.000000000            0.000000000         -241.728903054           31.778877208          0.000000000    
2.350000000        0.000000000           0.000000000            0.000000000         -241.730932368           30.364438345          0.000000000    
2.400000000        0.000000000           0.000000000            0.000000000         -241.736780339           28.951761772          0.000000000    
2.450000000        0.000000000           0.000000000            0.000000000         -241.746384428           27.540895914          0.000000000    
2.500000000        0.000000000           0.000000000            0.000000000         -241.759682492           26.131889202          0.000000000    
2.550000000        0.000000000           0.000000000            0.000000000         -241.776612731           24.724790065          0.000000000    
2.600000000        0.000000000           0.000000000            0.000000000         -241.797113645           23.319646930          0.000000000    
2.650000000        0.000000000           0.000000000            0.000000000         -241.821123985           21.916508228          0.000000000    
2.700000000        0.000000000           0.000000000            0.000000000         -241.848582708           20.515422386          0.000000000    
2.750000000        0.000000000           0.000000000            0.000000000         -241.879428936           19.116437835          0.000000000    
2.800000000        0.000000000           0.000000000            0.000000000         -241.913601909           17.719603004          0.000000000    
2.850000000        0.000000000           0.000000000            0.000000000         -241.951040948           16.324966321          0.000000000    
2.900000000        0.000000000           0.000000000            0.000000000         -241.991685416           14.932576217          0.000000000    
2.950000000        0.000000000           0.000000000            0.000000000         -242.035474676           13.542481121          0.000000000    
3.000000000        0.000000000           0.000000000            0.000000000         -242.082348060           12.154729462          0.000000000    
3.050000000        0.000000000           0.000000000            0.000000000         -242.132244833           10.769369671          0.000000000    
3.100000000        0.000000000           0.000000000            0.000000000         -242.185104159           9.386450177          0.000000000    
3.150000000        0.000000000           0.000000000            0.000000000         -242.240865075           8.006019410          0.000000000    
3.200000000        0.000000000           0.000000000            0.000000000         -242.299466461           6.628125799          0.000000000    
3.250000000        0.000000000           0.000000000            0.000000000         -242.360847012           5.252817776          0.000000000    
3.300000000        0.000000000           0.000000000            0.000000000         -242.424945217           3.880143770          0.000000000    
3.350000000        0.000000000           0.000000000            0.000000000         -242.491699335           2.510152211          0.000000000    
3.400000000        0.000000000           0.000000000            0.000000000         -242.561047375           1.142891530          0.000000000    
3.450000000        0.000000000           0.000000000            0.000000000         -242.632927079           -0.221589842          0.000000000    
3.500000000        0.000000000           0.000000000            0.000000000         -242.707275906           -1.583243477          0.000000000    
3.550000000        0.000000000           0.000000000            0.000000000         -242.784031016           -2.942020942          0.000000000    
3.600000000        0.000000000           0.000000000            0.000000000         -242.863129261           -4.297873808          0.000000000    
3.650000000        0.000000000           0.000000000            0.000000000         -242.944507173           -5.650753643          0.000000000    
3.700000000        0.000000000           0.000000000            0.000000000         -243.028100956           -7.000612017          0.000000000    
3.750000000        0.000000000           0.000000000            0.000000000         -243.113846478           -8.347400499          0.000000000    
3.800000000        0.000000000           0.000000000            0.000000000         -243.201679272           -9.691070658          0.000000000    
3.850000000        0.000000000           0.000000000            0.000000000         -243.291534526           -11.031574062          0.000000000    
3.900000000        0.000000000           0.000000000            0.000000000         -243.383347088           -12.368862282          0.000000000    
3.950000000        0.000000000           0.000000000            0.000000000         -243.477051463           -13.702886885          0.000000000    
4.000000000        0.000000000           0.000000000            0.000000000         -243.572581815           -15.033599441          0.000000000    
4.050000000        0.000000000           0.000000000            0.000000000         -243.669871974           -16.360951517          0.000000000    
4.100000000        0.000000000           0.000000000            0.000000000         -243.768855439           -17.684894683          0.000000000    
4.150000000        0.000000000           0.000000000            0.000000000         -243.869465384           -19.005380508          0.000000000    
4.200000000        0.000000000           0.000000000            0.000000000         -243.971634667           -20.322360559          0.000000000    
4.250000000        0.000000000           0.000000000            0.000000000         -244.075295840           -21.635786404          0.000000000    
4.300000000        0.000000000           0.000000000            0.000000000         -244.180381157           -22.945609614          0.000000000    
4.350000000        0.000000000           0.000000000            0.000000000         -244.286822589           -24.251781755          0.000000000    
4.400000000        0.000000000           0.000000000            0.000000000         -244.394551834           -25.554254395          0.000000000    
4.450000000        0.000000000           0.000000000            0.000000000         -244.503500330           -26.852979103          0.000000000    
4.500000000        0.000000000           0.000000000            0.000000000         -244.613599275           -28.147907447          0.000000000    
4.550000000        0.000000000           0.000000000            0.000000000         -244.724779636           -29.438990994          0.000000000    
4.600000000        0.000000000           0.000000000            0.000000000         -244.836972169           -30.726181313          0.000000000    
4.650000000        0.000000000           0.000000000            0.000000000         -244.950107435           -32.009429971          0.000000000    
4.700000000        0.000000000           0.000000000            0.000000000         -245.064115818           -33.288688535          0.000000000    
4.750000000        0.000000000           0.000000000            0.000000000         -245.178927544           -34.563908575          0.000000000    
4.800000000        0.000000000           0.000000000            0.000000000         -245.294472698           -35.835041656          0.000000000    
4.850000000        0.000000000           0.000000000            0.000000000         -245.410681243           -37.102039347          0.000000000    
4.900000000        0.000000000           0.000000000            0.000000000         -245.527483047           -38.364853215          0.000000000    
4.950000000        0.000000000           0.000000000            0.000000000         -245.644807891           -39.623434827          0.000000000    
5.000000000        0.000000000           0.000000000            0.000000000         36.980753324           241.865603074          0.000000000    
5.050000000        0.000000000           0.000000000            0.000000000         36.862593268           240.615631272          0.000000000    
5.100000000        0.000000000           0.000000000            0.000000000         36.744121099           239.370037024          0.000000000    
5.150000000        0.000000000           0.000000000            0.000000000         36.625407150           238.128868764          0.000000000    
5.200000000        0.000000000           0.000000000            0.000000000         36.506521730           236.892174924          0.000000000    
5.250000000        0.000000000           0.000000000            0.000000000         36.387535105           235.660003937          0.000000000    
5.300000000        0.000000000           0.000000000            0.000000000         36.268517475           234.432404237          0.000000000    
5.350000000        0.000000000           0.000000000            0.000000000         36.149538954           233.209424258          0.000000000    
5.400000000        0.000000000           0.000000000            0.000000000         36.030669548           231.991112431          0.000000000    
5.450000000        0.000000000           0.000000000            0.000000000         35.911979139           230.777517191          0.000000000    
5.500000000        0.000000000           0.000000000            0.000000000         35.793537456           229.568686972          0.000000000    
5.550000000        0.000000000           0.000000000            0.000000000         35.675414066           228.364670207          0.000000000    
5.600000000        0.000000000           0.000000000            0.000000000         35.557678342           227.165515330          0.000000000    
5.650000000        0.000000000           0.000000000            0.000000000         35.440399454           225.971270775          0.000000000    
5.700000000        0.000000000           0.000000000            0.000000000         35.323646343           224.781984974          0.000000010    
5.750000000        0.000000000           0.000000000            0.000000000         35.207487706           223.597706363          0.000000032    
5.800000000        0.000000000           0.000000000            0.000000000         35.091991976           222.418483375          0.000000017    
5.850000000        0.000000000           0.000000000            0.000000000         34.977227303           221.244364445          0.000000015    
5.900000000        0.000000000           0.000000000            0.000000000         34.863261540           220.075398007          0.000000335    
5.950000000        0.000000000           0.000000000            0.000000000         34.750162224           218.911632495          0.000002171    
6.000000000        0.000000000           0.000000000            0.000000000         34.637996558           217.753116343          0.000001253    
6.050000000        0.000000000           0.000000000            0.000000000         34.526831398           216.599897986          0.000000807    
6.100000000        0.000000000           0.000000000            0.000000000         34.416733238           215.452025859          0.000008893    
6.150000000        0.000000000           0.000000000            0.000000000         34.307768191           214.309548396          0.000111547    
6.200000000        0.000000000           0.000000000            0.000000000         34.200001980           213.172514031          0.000076928    
6.250000000        0.000000000           0.000000000            0.000000000         34.093499921           212.040971201          0.000044307    
6.300000000        0.000000000           0.000000000            0.000000000         33.988326914           210.914968339          0.000217151    
6.350000000        0.000000000           0.000000000            0.000000000         33.884547427           209.794553880          0.004239300    
6.400000000        0.000000000           0.000000000            0.000000000         33.782225485           208.679776261          0.004058865    
6.450000000        0.000000000           0.000000000            0.000000000         33.681424660           207.570683916          0.002298927    
6.500000000        0.000000000           0.000000000            0.000000000         33.582208063           206.467325281          0.004995677    
6.550000000        0.000000000           0.000000000            0.000000000         33.484638330           205.369748790          0.119627060    
6.600000000        0.000000001           0.000000001            0.000000001         33.388777617           204.278002880          0.184905508    
6.650000000        0.000000001           0.000000001            0.000000001         33.294687587           203.192135986          0.105882342    
6.700000000        0.000000002           0.000000002            0.000000001         33.202429411           202.112196544          0.127772366    
6.750000000        0.000000010           0.000000010            0.000000007         33.112063749           201.038232990          2.470379739    
6.800000000        0.000000033           0.000000033            0.000000027         33.023650757           199.970293760          7.239796761    
6.850000000        0.000000046           0.000000046            0.000000033         32.937250071           198.908427289          4.242664596    
6.900000000        0.000000057           0.000000057            0.000000031         32.852920806           197.852682015          3.398773143    
6.950000000        0.000000186           0.000000185            0.000000102         32.770721554           196.803106372          41.430351882    
7.000000000        0.000000910           0.000000908            0.000000769         32.690710379           195.759748799          235.330128045    
7.050000000        0.000001362           0.000001358            0.000001036         32.612944809           194.722657730          148.224567560    
7.100000000        0.000001658           0.000001650            0.000001017         32.537481845           193.691881605          97.737360147    
7.150000000        0.000003601           0.000003576            0.000001267         32.464377948           192.667468858          649.647658819    
7.200000000        0.000021813           0.000021750            0.000018336         32.393689042           191.649467927          6148.740557910    
7.250000000        0.000035118           0.000035019            0.000027258         32.325470520           190.637927249          4536.066279569    
7.300000000        0.000043200           0.000043050            0.000027887         32.259777231           189.632895261          2781.821849578    
7.350000000        0.000069458           0.000069088            0.000021039         32.196663495           188.634420401          9126.530878025    
7.400000000        0.000409444           0.000408318            0.000327418         32.136183095           187.642551105          119321.324352489    
7.450000000        0.000754135           0.000752332            0.000584034         32.078389281           186.657335812          122149.771245088    
7.500000000        0.000962430           0.000959790            0.000637271         32.023334775           185.678822959          74532.750335431    
7.550000000        0.001306947           0.001302115            0.000543020         31.971071773           184.707060986          124476.343738750    
7.600000000        0.006324815           0.006308933            0.004588770         31.921651945           183.742098326          1830636.064265598    
7.650000000        0.014212284           0.014186118            0.010985978         31.875126447           182.783983423          2905541.608322602    
7.700000000        0.019036267           0.018999257            0.013061004         31.831545916           181.832764711          1794327.377127266    
7.750000000        0.024049997           0.023993744            0.012407225         31.790960483           180.888490631          1883056.909479105    
7.800000000        0.083952102           0.083781616            0.051058996         31.753419776           179.951209621          22717000.392130021    
7.850000000        0.242645678           0.242350446            0.187929666         31.718972924           179.020970119          60767957.178238578    
7.900000000        0.341887465           0.341487256            0.244646524         31.687668566           178.097820565          38372154.430461697    
7.950000000        0.417966959           0.417427713            0.246663134         31.659554857           177.181809397          29702668.788543683    
8.000000000        1.000000000           0.998691548            0.456861801         31.634679475           176.272985055          229446624.838661045    
