position   laser_energy  ion_state_Z  e_density   GVD         GDD        pulse_duration  peak_intensity  peak_E_field  e_temp_kT  ionization  ATI_energy  IB_energy  TS_energy  capillary
(mm)       (mJ)          (arb.units)  (1/cm^3)    (fs^2/mm)   (fs^2)     (fs)            (W/cm^2)        (V/m)         (eV)       energy(mJ)  (mJ)        (mJ)       (mJ)       loss(mJ)
 0.000      7.055        1.674        5.624E+17  -4.718E-01  -2.428E-02  24.000          2.578E+15       1.394E+11     8.423E+00  8.364E-03   2.237E-03   3.980E-04  1.654E-08  3.069E-02
 0.050      7.013        1.671        5.615E+17  -4.710E-01  -4.851E-02  24.000          2.562E+15       1.390E+11     8.400E+00  8.325E-03   2.228E-03   3.953E-04  1.641E-08  3.051E-02
 0.100      6.972        1.668        5.606E+17  -4.703E-01  -7.271E-02  24.000          2.547E+15       1.385E+11     8.377E+00  8.289E-03   2.218E-03   3.925E-04  1.629E-08  3.033E-02
 0.150      6.931        1.666        5.597E+17  -4.696E-01  -9.687E-02  24.000          2.532E+15       1.381E+11     8.355E+00  8.253E-03   2.209E-03   3.898E-04  1.617E-08  3.015E-02
 0.200      6.890        1.663        5.589E+17  -4.689E-01  -1.210E-01  24.000          2.517E+15       1.377E+11     8.333E+00  8.219E-03   2.200E-03   3.872E-04  1.605E-08  2.997E-02
 0.250      6.849        1.661        5.581E+17  -4.682E-01  -1.451E-01  24.000          2.502E+15       1.373E+11     8.311E+00  8.185E-03   2.191E-03   3.846E-04  1.593E-08  2.979E-02
 0.300      6.808        1.659        5.573E+17  -4.676E-01  -1.692E-01  24.000          2.488E+15       1.369E+11     8.289E+00  8.153E-03   2.182E-03   3.820E-04  1.581E-08  2.962E-02
 0.350      6.768        1.656        5.566E+17  -4.669E-01  -1.932E-01  24.000          2.473E+15       1.365E+11     8.268E+00  8.122E-03   2.173E-03   3.795E-04  1.570E-08  2.944E-02
 0.400      6.728        1.654        5.558E+17  -4.663E-01  -2.172E-01  24.000          2.458E+15       1.361E+11     8.247E+00  8.092E-03   2.165E-03   3.771E-04  1.559E-08  2.927E-02
 0.450      6.688        1.652        5.551E+17  -4.657E-01  -2.412E-01  24.000          2.444E+15       1.357E+11     8.227E+00  8.063E-03   2.157E-03   3.747E-04  1.547E-08  2.909E-02
 0.500      6.648        1.650        5.544E+17  -4.651E-01  -2.651E-01  24.000          2.429E+15       1.353E+11     8.207E+00  8.034E-03   2.149E-03   3.723E-04  1.536E-08  2.892E-02
 0.550      6.609        1.648        5.538E+17  -4.646E-01  -2.890E-01  24.000          2.415E+15       1.349E+11     8.186E+00  8.007E-03   2.141E-03   3.700E-04  1.525E-08  2.875E-02
 0.600      6.570        1.646        5.531E+17  -4.640E-01  -3.129E-01  24.000          2.400E+15       1.345E+11     8.167E+00  7.981E-03   2.133E-03   3.677E-04  1.515E-08  2.858E-02
 0.650      6.530        1.644        5.525E+17  -4.635E-01  -3.368E-01  24.000          2.386E+15       1.341E+11     8.147E+00  7.956E-03   2.126E-03   3.654E-04  1.504E-08  2.841E-02
 0.700      6.492        1.643        5.519E+17  -4.630E-01  -3.606E-01  24.000          2.372E+15       1.337E+11     8.127E+00  7.931E-03   2.119E-03   3.632E-04  1.493E-08  2.824E-02
 0.750      6.453        1.641        5.513E+17  -4.625E-01  -3.844E-01  24.000          2.358E+15       1.333E+11     8.108E+00  7.908E-03   2.111E-03   3.611E-04  1.483E-08  2.807E-02
 0.800      6.415        1.639        5.508E+17  -4.621E-01  -4.082E-01  24.000          2.344E+15       1.329E+11     8.089E+00  7.885E-03   2.104E-03   3.589E-04  1.472E-08  2.790E-02
 0.850      6.376        1.638        5.502E+17  -4.616E-01  -4.320E-01  24.000          2.330E+15       1.325E+11     8.070E+00  7.863E-03   2.097E-03   3.569E-04  1.462E-08  2.774E-02
 0.900      6.338        1.636        5.497E+17  -4.612E-01  -4.557E-01  24.000          2.316E+15       1.321E+11     8.051E+00  7.842E-03   2.090E-03   3.548E-04  1.452E-08  2.757E-02
 0.950      6.300        1.635        5.492E+17  -4.607E-01  -4.794E-01  24.000          2.302E+15       1.317E+11     8.032E+00  7.821E-03   2.083E-03   3.528E-04  1.442E-08  2.741E-02
 1.000      6.263        1.633        5.487E+17  -4.603E-01  -5.031E-01  24.000          2.288E+15       1.313E+11     8.013E+00  7.801E-03   2.077E-03   3.508E-04  1.432E-08  2.724E-02
 1.050      6.225        1.632        5.482E+17  -4.599E-01  -5.268E-01  24.000          2.275E+15       1.309E+11     7.994E+00  7.782E-03   2.070E-03   3.489E-04  1.422E-08  2.708E-02
 1.100      6.188        1.630        5.478E+17  -4.595E-01  -5.505E-01  24.000          2.261E+15       1.305E+11     7.976E+00  7.764E-03   2.063E-03   3.470E-04  1.413E-08  2.692E-02
 1.150      6.151        1.629        5.474E+17  -4.592E-01  -5.741E-01  24.000          2.247E+15       1.301E+11     7.957E+00  7.746E-03   2.057E-03   3.451E-04  1.403E-08  2.676E-02
 1.200      6.114        1.628        5.469E+17  -4.588E-01  -5.977E-01  24.000          2.234E+15       1.297E+11     7.938E+00  7.729E-03   2.050E-03   3.433E-04  1.394E-08  2.660E-02
 1.250      6.077        1.627        5.465E+17  -4.585E-01  -6.213E-01  24.000          2.220E+15       1.293E+11     7.920E+00  7.713E-03   2.044E-03   3.415E-04  1.384E-08  2.644E-02
 1.300      6.041        1.625        5.461E+17  -4.581E-01  -6.449E-01  24.000          2.207E+15       1.290E+11     7.901E+00  7.697E-03   2.038E-03   3.397E-04  1.375E-08  2.628E-02
 1.350      6.004        1.624        5.457E+17  -4.578E-01  -6.685E-01  24.000          2.194E+15       1.286E+11     7.882E+00  7.681E-03   2.032E-03   3.380E-04  1.366E-08  2.612E-02
 1.400      5.968        1.623        5.454E+17  -4.575E-01  -6.921E-01  24.000          2.181E+15       1.282E+11     7.863E+00  7.667E-03   2.025E-03   3.363E-04  1.357E-08  2.596E-02
 1.450      5.932        1.622        5.450E+17  -4.572E-01  -7.156E-01  24.000          2.167E+15       1.278E+11     7.845E+00  7.652E-03   2.019E-03   3.346E-04  1.348E-08  2.580E-02
 1.500      5.896        1.621        5.447E+17  -4.569E-01  -7.391E-01  24.000          2.154E+15       1.274E+11     7.826E+00  7.639E-03   2.013E-03   3.329E-04  1.339E-08  2.565E-02
 1.550      5.861        1.620        5.443E+17  -4.567E-01  -7.627E-01  24.000          2.141E+15       1.270E+11     7.807E+00  7.625E-03   2.007E-03   3.313E-04  1.330E-08  2.549E-02
 1.600      5.825        1.619        5.440E+17  -4.564E-01  -7.862E-01  24.000          2.128E+15       1.266E+11     7.788E+00  7.613E-03   2.001E-03   3.298E-04  1.321E-08  2.534E-02
 1.650      5.790        1.618        5.437E+17  -4.561E-01  -8.097E-01  24.000          2.115E+15       1.263E+11     7.769E+00  7.600E-03   1.995E-03   3.282E-04  1.312E-08  2.519E-02
 1.700      5.755        1.617        5.434E+17  -4.559E-01  -8.331E-01  24.000          2.103E+15       1.259E+11     7.749E+00  7.588E-03   1.989E-03   3.267E-04  1.303E-08  2.503E-02
 1.750      5.720        1.616        5.431E+17  -4.556E-01  -8.566E-01  24.000          2.090E+15       1.255E+11     7.730E+00  7.577E-03   1.983E-03   3.252E-04  1.295E-08  2.488E-02
 1.800      5.685        1.616        5.428E+17  -4.554E-01  -8.801E-01  24.001          2.077E+15       1.251E+11     7.710E+00  7.566E-03   1.977E-03   3.238E-04  1.286E-08  2.473E-02
 1.850      5.651        1.615        5.426E+17  -4.552E-01  -9.035E-01  24.001          2.065E+15       1.247E+11     7.690E+00  7.555E-03   1.971E-03   3.223E-04  1.278E-08  2.458E-02
 1.900      5.616        1.614        5.423E+17  -4.549E-01  -9.269E-01  24.001          2.052E+15       1.243E+11     7.670E+00  7.544E-03   1.964E-03   3.209E-04  1.269E-08  2.443E-02
 1.950      5.582        1.613        5.420E+17  -4.547E-01  -9.503E-01  24.001          2.039E+15       1.240E+11     7.650E+00  7.534E-03   1.958E-03   3.196E-04  1.261E-08  2.428E-02
 2.000      5.548        1.612        5.418E+17  -4.545E-01  -9.738E-01  24.001          2.027E+15       1.236E+11     7.629E+00  7.524E-03   1.952E-03   3.182E-04  1.253E-08  2.413E-02
 2.050      5.514        1.612        5.415E+17  -4.543E-01  -9.972E-01  24.001          2.015E+15       1.232E+11     7.608E+00  7.514E-03   1.946E-03   3.169E-04  1.244E-08  2.399E-02
 2.100      5.480        1.611        5.413E+17  -4.541E-01  -1.021E+00  24.001          2.002E+15       1.228E+11     7.587E+00  7.505E-03   1.940E-03   3.156E-04  1.236E-08  2.384E-02
 2.150      5.447        1.610        5.410E+17  -4.539E-01  -1.044E+00  24.001          1.990E+15       1.224E+11     7.566E+00  7.496E-03   1.933E-03   3.143E-04  1.228E-08  2.369E-02
 2.200      5.413        1.610        5.408E+17  -4.537E-01  -1.067E+00  24.001          1.978E+15       1.221E+11     7.544E+00  7.487E-03   1.927E-03   3.131E-04  1.220E-08  2.355E-02
 2.250      5.380        1.609        5.406E+17  -4.535E-01  -1.091E+00  24.001          1.966E+15       1.217E+11     7.522E+00  7.477E-03   1.920E-03   3.119E-04  1.212E-08  2.340E-02
 2.300      5.347        1.608        5.403E+17  -4.533E-01  -1.114E+00  24.001          1.953E+15       1.213E+11     7.499E+00  7.468E-03   1.914E-03   3.107E-04  1.204E-08  2.326E-02
 2.350      5.314        1.607        5.401E+17  -4.531E-01  -1.137E+00  24.001          1.941E+15       1.209E+11     7.476E+00  7.460E-03   1.907E-03   3.095E-04  1.196E-08  2.311E-02
 2.400      5.281        1.607        5.398E+17  -4.529E-01  -1.161E+00  24.001          1.929E+15       1.206E+11     7.453E+00  7.450E-03   1.900E-03   3.083E-04  1.188E-08  2.297E-02
 2.450      5.248        1.606        5.396E+17  -4.527E-01  -1.184E+00  24.001          1.917E+15       1.202E+11     7.430E+00  7.441E-03   1.893E-03   3.072E-04  1.180E-08  2.283E-02
 2.500      5.216        1.605        5.393E+17  -4.525E-01  -1.207E+00  24.001          1.906E+15       1.198E+11     7.405E+00  7.432E-03   1.886E-03   3.061E-04  1.172E-08  2.269E-02
 2.550      5.184        1.604        5.391E+17  -4.522E-01  -1.231E+00  24.001          1.894E+15       1.195E+11     7.381E+00  7.423E-03   1.879E-03   3.050E-04  1.165E-08  2.255E-02
 2.600      5.151        1.604        5.388E+17  -4.520E-01  -1.254E+00  24.002          1.882E+15       1.191E+11     7.356E+00  7.413E-03   1.872E-03   3.039E-04  1.157E-08  2.241E-02
 2.650      5.119        1.603        5.385E+17  -4.518E-01  -1.277E+00  24.002          1.870E+15       1.187E+11     7.330E+00  7.403E-03   1.864E-03   3.028E-04  1.149E-08  2.227E-02
 2.700      5.088        1.602        5.382E+17  -4.515E-01  -1.300E+00  24.002          1.859E+15       1.183E+11     7.304E+00  7.393E-03   1.857E-03   3.017E-04  1.141E-08  2.213E-02
 2.750      5.056        1.601        5.379E+17  -4.513E-01  -1.324E+00  24.002          1.847E+15       1.180E+11     7.277E+00  7.382E-03   1.849E-03   3.007E-04  1.134E-08  2.199E-02
 2.800      5.024        1.600        5.376E+17  -4.510E-01  -1.347E+00  24.002          1.836E+15       1.176E+11     7.250E+00  7.371E-03   1.841E-03   2.996E-04  1.126E-08  2.186E-02
 2.850      4.993        1.599        5.372E+17  -4.507E-01  -1.370E+00  24.002          1.824E+15       1.172E+11     7.223E+00  7.359E-03   1.833E-03   2.986E-04  1.118E-08  2.172E-02
 2.900      4.962        1.598        5.369E+17  -4.504E-01  -1.393E+00  24.002          1.813E+15       1.169E+11     7.194E+00  7.347E-03   1.824E-03   2.975E-04  1.110E-08  2.158E-02
 2.950      4.931        1.597        5.365E+17  -4.501E-01  -1.416E+00  24.002          1.801E+15       1.165E+11     7.165E+00  7.334E-03   1.815E-03   2.965E-04  1.102E-08  2.145E-02
 3.000      4.900        1.595        5.361E+17  -4.497E-01  -1.440E+00  24.002          1.790E+15       1.161E+11     7.136E+00  7.320E-03   1.807E-03   2.954E-04  1.095E-08  2.131E-02
 3.050      4.869        1.594        5.356E+17  -4.493E-01  -1.463E+00  24.002          1.779E+15       1.158E+11     7.106E+00  7.305E-03   1.797E-03   2.943E-04  1.087E-08  2.118E-02
 3.100      4.838        1.593        5.351E+17  -4.489E-01  -1.486E+00  24.003          1.768E+15       1.154E+11     7.075E+00  7.289E-03   1.788E-03   2.933E-04  1.079E-08  2.105E-02
 3.150      4.808        1.591        5.346E+17  -4.485E-01  -1.509E+00  24.003          1.757E+15       1.150E+11     7.043E+00  7.273E-03   1.778E-03   2.922E-04  1.071E-08  2.092E-02
 3.200      4.778        1.589        5.341E+17  -4.480E-01  -1.532E+00  24.003          1.745E+15       1.147E+11     7.011E+00  7.255E-03   1.768E-03   2.911E-04  1.063E-08  2.078E-02
 3.250      4.748        1.588        5.335E+17  -4.475E-01  -1.555E+00  24.003          1.734E+15       1.143E+11     6.979E+00  7.236E-03   1.758E-03   2.900E-04  1.056E-08  2.065E-02
 3.300      4.718        1.586        5.328E+17  -4.470E-01  -1.578E+00  24.003          1.724E+15       1.140E+11     6.945E+00  7.216E-03   1.748E-03   2.888E-04  1.048E-08  2.052E-02
 3.350      4.688        1.584        5.321E+17  -4.464E-01  -1.601E+00  24.003          1.713E+15       1.136E+11     6.911E+00  7.194E-03   1.737E-03   2.877E-04  1.040E-08  2.039E-02
 3.400      4.658        1.582        5.314E+17  -4.458E-01  -1.624E+00  24.003          1.702E+15       1.132E+11     6.877E+00  7.171E-03   1.726E-03   2.865E-04  1.032E-08  2.026E-02
 3.450      4.629        1.579        5.306E+17  -4.451E-01  -1.647E+00  24.004          1.691E+15       1.129E+11     6.841E+00  7.146E-03   1.714E-03   2.853E-04  1.024E-08  2.014E-02
 3.500      4.600        1.577        5.298E+17  -4.444E-01  -1.670E+00  24.004          1.680E+15       1.125E+11     6.805E+00  7.120E-03   1.703E-03   2.840E-04  1.016E-08  2.001E-02
 3.550      4.571        1.574        5.289E+17  -4.437E-01  -1.693E+00  24.004          1.670E+15       1.122E+11     6.769E+00  7.092E-03   1.691E-03   2.827E-04  1.007E-08  1.988E-02
 3.600      4.542        1.571        5.279E+17  -4.429E-01  -1.716E+00  24.004          1.659E+15       1.118E+11     6.731E+00  7.063E-03   1.678E-03   2.814E-04  9.993E-09  1.976E-02
 3.650      4.513        1.568        5.269E+17  -4.420E-01  -1.739E+00  24.004          1.649E+15       1.115E+11     6.693E+00  7.032E-03   1.666E-03   2.800E-04  9.911E-09  1.963E-02
 3.700      4.484        1.565        5.258E+17  -4.411E-01  -1.761E+00  24.004          1.638E+15       1.111E+11     6.655E+00  6.999E-03   1.653E-03   2.786E-04  9.828E-09  1.951E-02
 3.750      4.456        1.562        5.247E+17  -4.402E-01  -1.784E+00  24.004          1.628E+15       1.107E+11     6.616E+00  6.964E-03   1.639E-03   2.771E-04  9.744E-09  1.938E-02
 3.800      4.428        1.558        5.235E+17  -4.392E-01  -1.807E+00  24.005          1.617E+15       1.104E+11     6.576E+00  6.927E-03   1.626E-03   2.756E-04  9.660E-09  1.926E-02
 3.850      4.399        1.554        5.222E+17  -4.381E-01  -1.829E+00  24.005          1.607E+15       1.100E+11     6.536E+00  6.888E-03   1.612E-03   2.740E-04  9.576E-09  1.914E-02
 3.900      4.372        1.550        5.209E+17  -4.370E-01  -1.852E+00  24.005          1.597E+15       1.097E+11     6.495E+00  6.847E-03   1.598E-03   2.724E-04  9.490E-09  1.902E-02
 3.950      4.344        1.546        5.195E+17  -4.358E-01  -1.874E+00  24.005          1.587E+15       1.093E+11     6.454E+00  6.805E-03   1.583E-03   2.707E-04  9.405E-09  1.890E-02
 4.000      4.316        1.542        5.180E+17  -4.345E-01  -1.897E+00  24.005          1.577E+15       1.090E+11     6.412E+00  6.760E-03   1.569E-03   2.690E-04  9.318E-09  1.878E-02
 4.050      4.289        1.537        5.164E+17  -4.332E-01  -1.919E+00  24.006          1.567E+15       1.086E+11     6.370E+00  6.714E-03   1.554E-03   2.672E-04  9.231E-09  1.866E-02
 4.100      4.262        1.532        5.148E+17  -4.319E-01  -1.941E+00  24.006          1.557E+15       1.083E+11     6.327E+00  6.665E-03   1.538E-03   2.653E-04  9.144E-09  1.854E-02
 4.150      4.235        1.527        5.131E+17  -4.304E-01  -1.963E+00  24.006          1.547E+15       1.080E+11     6.284E+00  6.614E-03   1.523E-03   2.634E-04  9.056E-09  1.842E-02
 4.200      4.208        1.522        5.113E+17  -4.289E-01  -1.986E+00  24.006          1.537E+15       1.076E+11     6.240E+00  6.562E-03   1.507E-03   2.614E-04  8.967E-09  1.830E-02
 4.250      4.181        1.516        5.095E+17  -4.274E-01  -2.008E+00  24.006          1.527E+15       1.073E+11     6.196E+00  6.508E-03   1.491E-03   2.594E-04  8.878E-09  1.819E-02
 4.300      4.155        1.511        5.076E+17  -4.258E-01  -2.030E+00  24.007          1.518E+15       1.069E+11     6.152E+00  6.451E-03   1.475E-03   2.573E-04  8.789E-09  1.807E-02
 4.350      4.128        1.505        5.056E+17  -4.241E-01  -2.052E+00  24.007          1.508E+15       1.066E+11     6.108E+00  6.393E-03   1.458E-03   2.552E-04  8.699E-09  1.796E-02
 4.400      4.102        1.499        5.035E+17  -4.224E-01  -2.073E+00  24.007          1.498E+15       1.063E+11     6.063E+00  6.333E-03   1.442E-03   2.530E-04  8.609E-09  1.785E-02
 4.450      4.077        1.492        5.014E+17  -4.206E-01  -2.095E+00  24.007          1.489E+15       1.059E+11     6.018E+00  6.272E-03   1.425E-03   2.507E-04  8.519E-09  1.773E-02
 4.500      4.051        1.486        4.992E+17  -4.188E-01  -2.117E+00  24.008          1.480E+15       1.056E+11     5.973E+00  6.209E-03   1.408E-03   2.484E-04  8.428E-09  1.762E-02
 4.550      4.025        1.479        4.969E+17  -4.169E-01  -2.138E+00  24.008          1.470E+15       1.053E+11     5.927E+00  6.144E-03   1.391E-03   2.460E-04  8.337E-09  1.751E-02
 4.600      4.000        1.472        4.946E+17  -4.149E-01  -2.160E+00  24.008          1.461E+15       1.049E+11     5.882E+00  6.078E-03   1.374E-03   2.436E-04  8.246E-09  1.740E-02
 4.650      3.975        1.465        4.922E+17  -4.129E-01  -2.181E+00  24.008          1.452E+15       1.046E+11     5.836E+00  6.011E-03   1.357E-03   2.412E-04  8.155E-09  1.729E-02
 4.700      3.950        1.458        4.898E+17  -4.109E-01  -2.202E+00  24.009          1.443E+15       1.043E+11     5.790E+00  5.942E-03   1.339E-03   2.387E-04  8.063E-09  1.718E-02
 4.750      3.925        1.450        4.873E+17  -4.088E-01  -2.223E+00  24.009          1.434E+15       1.039E+11     5.744E+00  5.872E-03   1.322E-03   2.361E-04  7.972E-09  1.708E-02
 4.800      3.901        1.443        4.847E+17  -4.066E-01  -2.244E+00  24.009          1.425E+15       1.036E+11     5.698E+00  5.801E-03   1.304E-03   2.335E-04  7.881E-09  1.697E-02
 4.850      3.877        1.435        4.821E+17  -4.044E-01  -2.265E+00  24.010          1.416E+15       1.033E+11     5.653E+00  5.729E-03   1.287E-03   2.309E-04  7.789E-09  1.686E-02
 4.900      3.852        1.427        4.794E+17  -4.022E-01  -2.286E+00  24.010          1.407E+15       1.030E+11     5.607E+00  5.656E-03   1.270E-03   2.283E-04  7.698E-09  1.676E-02
 4.950      3.829        1.419        4.767E+17  -3.999E-01  -2.307E+00  24.010          1.398E+15       1.026E+11     5.561E+00  5.582E-03   1.252E-03   2.256E-04  7.607E-09  1.665E-02
 5.000      3.805        1.411        4.740E+17  -3.976E-01  -2.327E+00  24.010          1.390E+15       1.023E+11     5.515E+00  5.508E-03   1.235E-03   2.229E-04  7.517E-09  1.655E-02
 5.050      3.781        1.402        4.712E+17  -3.953E-01  -2.348E+00  24.011          1.381E+15       1.020E+11     5.470E+00  5.433E-03   1.217E-03   2.202E-04  7.426E-09  1.645E-02
 5.100      3.758        1.394        4.684E+17  -3.929E-01  -2.368E+00  24.011          1.372E+15       1.017E+11     5.425E+00  5.358E-03   1.200E-03   2.175E-04  7.336E-09  1.635E-02
 5.150      3.735        1.386        4.656E+17  -3.905E-01  -2.388E+00  24.011          1.364E+15       1.014E+11     5.380E+00  5.282E-03   1.183E-03   2.147E-04  7.247E-09  1.625E-02
 5.200      3.712        1.377        4.627E+17  -3.881E-01  -2.408E+00  24.012          1.356E+15       1.011E+11     5.335E+00  5.206E-03   1.166E-03   2.119E-04  7.158E-09  1.615E-02
 5.250      3.689        1.368        4.598E+17  -3.857E-01  -2.428E+00  24.012          1.347E+15       1.008E+11     5.290E+00  5.130E-03   1.149E-03   2.092E-04  7.069E-09  1.605E-02
 5.300      3.667        1.360        4.568E+17  -3.832E-01  -2.448E+00  24.012          1.339E+15       1.004E+11     5.246E+00  5.054E-03   1.132E-03   2.064E-04  6.981E-09  1.595E-02
 5.350      3.644        1.351        4.539E+17  -3.807E-01  -2.468E+00  24.013          1.331E+15       1.001E+11     5.202E+00  4.978E-03   1.115E-03   2.036E-04  6.894E-09  1.585E-02
 5.400      3.622        1.342        4.509E+17  -3.783E-01  -2.487E+00  24.013          1.323E+15       9.983E+10     5.158E+00  4.902E-03   1.098E-03   2.008E-04  6.807E-09  1.576E-02
 5.450      3.600        1.333        4.479E+17  -3.758E-01  -2.507E+00  24.013          1.315E+15       9.953E+10     5.114E+00  4.827E-03   1.082E-03   1.981E-04  6.722E-09  1.566E-02
 5.500      3.578        1.324        4.450E+17  -3.732E-01  -2.526E+00  24.014          1.307E+15       9.923E+10     5.071E+00  4.751E-03   1.066E-03   1.953E-04  6.636E-09  1.557E-02
 5.550      3.557        1.315        4.420E+17  -3.707E-01  -2.545E+00  24.014          1.299E+15       9.893E+10     5.029E+00  4.676E-03   1.050E-03   1.925E-04  6.552E-09  1.547E-02
 5.600      3.536        1.306        4.390E+17  -3.682E-01  -2.565E+00  24.014          1.291E+15       9.863E+10     4.986E+00  4.602E-03   1.034E-03   1.898E-04  6.468E-09  1.538E-02
 5.650      3.514        1.297        4.360E+17  -3.657E-01  -2.584E+00  24.015          1.283E+15       9.833E+10     4.944E+00  4.528E-03   1.018E-03   1.870E-04  6.385E-09  1.529E-02
 5.700      3.493        1.289        4.330E+17  -3.632E-01  -2.602E+00  24.015          1.276E+15       9.803E+10     4.903E+00  4.455E-03   1.003E-03   1.843E-04  6.304E-09  1.520E-02
 5.750      3.472        1.280        4.300E+17  -3.607E-01  -2.621E+00  24.015          1.268E+15       9.774E+10     4.862E+00  4.382E-03   9.873E-04   1.816E-04  6.223E-09  1.511E-02
 5.800      3.452        1.271        4.270E+17  -3.582E-01  -2.640E+00  24.016          1.260E+15       9.745E+10     4.821E+00  4.310E-03   9.722E-04   1.790E-04  6.143E-09  1.502E-02
 5.850      3.431        1.262        4.240E+17  -3.557E-01  -2.658E+00  24.016          1.253E+15       9.716E+10     4.781E+00  4.239E-03   9.574E-04   1.763E-04  6.064E-09  1.493E-02
 5.900      3.411        1.253        4.210E+17  -3.532E-01  -2.677E+00  24.017          1.245E+15       9.687E+10     4.742E+00  4.169E-03   9.428E-04   1.737E-04  5.986E-09  1.484E-02
 5.950      3.391        1.244        4.181E+17  -3.507E-01  -2.695E+00  24.017          1.238E+15       9.658E+10     4.702E+00  4.100E-03   9.285E-04   1.711E-04  5.908E-09  1.475E-02
 6.000      3.371        1.236        4.151E+17  -3.482E-01  -2.713E+00  24.017          1.231E+15       9.630E+10     4.664E+00  4.032E-03   9.144E-04   1.685E-04  5.832E-09  1.466E-02
 6.050      3.351        1.227        4.122E+17  -3.458E-01  -2.731E+00  24.018          1.224E+15       9.601E+10     4.626E+00  3.964E-03   9.006E-04   1.660E-04  5.757E-09  1.458E-02
 6.100      3.332        1.218        4.093E+17  -3.433E-01  -2.749E+00  24.018          1.216E+15       9.573E+10     4.588E+00  3.898E-03   8.870E-04   1.635E-04  5.683E-09  1.449E-02
 6.150      3.312        1.210        4.064E+17  -3.409E-01  -2.766E+00  24.019          1.209E+15       9.545E+10     4.551E+00  3.832E-03   8.736E-04   1.610E-04  5.611E-09  1.441E-02
 6.200      3.293        1.201        4.036E+17  -3.385E-01  -2.784E+00  24.019          1.202E+15       9.517E+10     4.515E+00  3.768E-03   8.605E-04   1.586E-04  5.539E-09  1.432E-02
 6.250      3.274        1.193        4.008E+17  -3.362E-01  -2.801E+00  24.020          1.195E+15       9.489E+10     4.479E+00  3.705E-03   8.477E-04   1.562E-04  5.468E-09  1.424E-02
 6.300      3.255        1.184        3.980E+17  -3.338E-01  -2.819E+00  24.020          1.188E+15       9.462E+10     4.444E+00  3.643E-03   8.352E-04   1.538E-04  5.398E-09  1.416E-02
 6.350      3.236        1.176        3.952E+17  -3.315E-01  -2.836E+00  24.020          1.181E+15       9.434E+10     4.409E+00  3.582E-03   8.228E-04   1.515E-04  5.330E-09  1.408E-02
 6.400      3.217        1.168        3.924E+17  -3.292E-01  -2.853E+00  24.021          1.175E+15       9.407E+10     4.375E+00  3.522E-03   8.108E-04   1.492E-04  5.262E-09  1.400E-02
 6.450      3.199        1.160        3.897E+17  -3.269E-01  -2.870E+00  24.021          1.168E+15       9.380E+10     4.341E+00  3.464E-03   7.990E-04   1.469E-04  5.196E-09  1.392E-02
 6.500      3.181        1.152        3.870E+17  -3.246E-01  -2.887E+00  24.022          1.161E+15       9.353E+10     4.308E+00  3.406E-03   7.875E-04   1.447E-04  5.131E-09  1.384E-02
 6.550      3.162        1.144        3.844E+17  -3.224E-01  -2.904E+00  24.022          1.154E+15       9.326E+10     4.275E+00  3.350E-03   7.762E-04   1.425E-04  5.066E-09  1.376E-02
 6.600      3.144        1.136        3.818E+17  -3.202E-01  -2.921E+00  24.023          1.148E+15       9.299E+10     4.244E+00  3.295E-03   7.651E-04   1.403E-04  5.003E-09  1.368E-02
 6.650      3.126        1.129        3.792E+17  -3.181E-01  -2.937E+00  24.023          1.141E+15       9.273E+10     4.212E+00  3.241E-03   7.544E-04   1.382E-04  4.941E-09  1.360E-02
 6.700      3.109        1.121        3.767E+17  -3.159E-01  -2.954E+00  24.024          1.135E+15       9.246E+10     4.182E+00  3.188E-03   7.438E-04   1.362E-04  4.880E-09  1.352E-02
 6.750      3.091        1.114        3.741E+17  -3.138E-01  -2.970E+00  24.024          1.128E+15       9.220E+10     4.151E+00  3.137E-03   7.336E-04   1.341E-04  4.820E-09  1.345E-02
 6.800      3.074        1.106        3.717E+17  -3.118E-01  -2.986E+00  24.025          1.122E+15       9.194E+10     4.122E+00  3.086E-03   7.235E-04   1.321E-04  4.761E-09  1.337E-02
 6.850      3.056        1.099        3.692E+17  -3.097E-01  -3.003E+00  24.025          1.116E+15       9.168E+10     4.093E+00  3.037E-03   7.137E-04   1.302E-04  4.704E-09  1.330E-02
 6.900      3.039        1.092        3.668E+17  -3.077E-01  -3.019E+00  24.026          1.109E+15       9.142E+10     4.064E+00  2.989E-03   7.042E-04   1.282E-04  4.647E-09  1.322E-02
 6.950      3.022        1.085        3.645E+17  -3.057E-01  -3.035E+00  24.026          1.103E+15       9.116E+10     4.037E+00  2.941E-03   6.949E-04   1.264E-04  4.591E-09  1.315E-02
 7.000      3.005        1.078        3.622E+17  -3.038E-01  -3.051E+00  24.027          1.097E+15       9.091E+10     4.009E+00  2.896E-03   6.858E-04   1.245E-04  4.536E-09  1.307E-02
 7.050      2.988        1.071        3.599E+17  -3.019E-01  -3.066E+00  24.027          1.091E+15       9.065E+10     3.983E+00  2.851E-03   6.769E-04   1.227E-04  4.483E-09  1.300E-02
 7.100      2.972        1.064        3.576E+17  -3.000E-01  -3.082E+00  24.028          1.085E+15       9.040E+10     3.956E+00  2.807E-03   6.683E-04   1.209E-04  4.430E-09  1.293E-02
 7.150      2.955        1.058        3.554E+17  -2.981E-01  -3.098E+00  24.028          1.079E+15       9.015E+10     3.931E+00  2.764E-03   6.599E-04   1.192E-04  4.378E-09  1.286E-02
 7.200      2.939        1.051        3.533E+17  -2.963E-01  -3.113E+00  24.029          1.073E+15       8.989E+10     3.906E+00  2.723E-03   6.517E-04   1.175E-04  4.327E-09  1.278E-02
 7.250      2.923        1.045        3.511E+17  -2.945E-01  -3.128E+00  24.029          1.067E+15       8.964E+10     3.881E+00  2.682E-03   6.437E-04   1.158E-04  4.277E-09  1.271E-02
 7.300      2.906        1.039        3.491E+17  -2.928E-01  -3.144E+00  24.030          1.061E+15       8.939E+10     3.858E+00  2.643E-03   6.359E-04   1.142E-04  4.228E-09  1.264E-02
 7.350      2.890        1.033        3.470E+17  -2.911E-01  -3.159E+00  24.030          1.055E+15       8.915E+10     3.834E+00  2.604E-03   6.284E-04   1.126E-04  4.180E-09  1.257E-02
 7.400      2.875        1.027        3.450E+17  -2.894E-01  -3.174E+00  24.031          1.049E+15       8.890E+10     3.811E+00  2.567E-03   6.210E-04   1.110E-04  4.133E-09  1.250E-02
 7.450      2.859        1.021        3.430E+17  -2.877E-01  -3.189E+00  24.032          1.043E+15       8.865E+10     3.789E+00  2.530E-03   6.139E-04   1.095E-04  4.087E-09  1.244E-02
 7.500      2.843        1.015        3.411E+17  -2.861E-01  -3.204E+00  24.032          1.037E+15       8.841E+10     3.767E+00  2.494E-03   6.069E-04   1.080E-04  4.042E-09  1.237E-02
 7.550      2.827        1.010        3.392E+17  -2.845E-01  -3.219E+00  24.033          1.032E+15       8.817E+10     3.746E+00  2.460E-03   6.001E-04   1.065E-04  3.997E-09  1.230E-02
 7.600      2.812        1.004        3.374E+17  -2.830E-01  -3.234E+00  24.033          1.026E+15       8.792E+10     3.725E+00  2.426E-03   5.935E-04   1.050E-04  3.954E-09  1.223E-02
 7.650      2.797        0.999        3.355E+17  -2.814E-01  -3.249E+00  24.034          1.020E+15       8.768E+10     3.705E+00  2.393E-03   5.871E-04   1.036E-04  3.911E-09  1.217E-02
 7.700      2.781        0.993        3.338E+17  -2.799E-01  -3.263E+00  24.034          1.015E+15       8.744E+10     3.685E+00  2.361E-03   5.809E-04   1.023E-04  3.869E-09  1.210E-02
 7.750      2.766        0.988        3.320E+17  -2.785E-01  -3.278E+00  24.035          1.009E+15       8.720E+10     3.666E+00  2.330E-03   5.748E-04   1.009E-04  3.828E-09  1.203E-02
 7.800      2.751        0.983        3.303E+17  -2.771E-01  -3.293E+00  24.036          1.004E+15       8.696E+10     3.647E+00  2.300E-03   5.689E-04   9.959E-05  3.788E-09  1.197E-02
 7.850      2.736        0.978        3.286E+17  -2.757E-01  -3.307E+00  24.036          9.982E+14       8.673E+10     3.629E+00  2.271E-03   5.632E-04   9.830E-05  3.748E-09  1.190E-02
 7.900      2.721        0.973        3.270E+17  -2.743E-01  -3.321E+00  24.037          9.928E+14       8.649E+10     3.611E+00  2.242E-03   5.577E-04   9.703E-05  3.709E-09  1.184E-02
 7.950      2.707        0.969        3.254E+17  -2.729E-01  -3.336E+00  24.037          9.874E+14       8.625E+10     3.593E+00  2.214E-03   5.523E-04   9.579E-05  3.671E-09  1.177E-02
 8.000      2.692        0.964        3.239E+17  -2.716E-01  -3.350E+00  24.038          9.820E+14       8.602E+10     3.576E+00  2.187E-03   5.470E-04   9.458E-05  3.634E-09  1.171E-02
